0.69149673
0.69025034
0.7997642
0.6374652
0.68199384
0.80188304
0.6192302
0.8465249
0.60433877
0.86062306
0.70029247
0.68184686
0.64676034
0.58910614
0.6381438
0.7195613
0.5938748
0.6087095
0.51246417
0.66126686
0.7116922
0.5720018
0.62229276
0.6188219
0.48456493
0.5995351
0.47245565
0.61306846
0.43683252
0.4876361
0.62199855
0.45430702
0.5341027
0.5245397
0.40694708
0.54861945
0.39280695
0.4973813
0.41247883
0.3775614
0.6070541
0.4088134
0.4897338
0.39280263
0.5118352
0.38691765
0.38457447
0.47356614
0.3984118
0.49303246
0.30243686
0.30253702
0.26939172
0.30979627
0.2795522
0.25191417
0.31335622
0.30257976
0.26805437
0.37055373
0.5426875
0.8437046
0.6078859
0.61628073
0.6629019
0.487363
0.5038278
0.4091007
0.51885635
0.4539764
0.51537496
0.36851174
0.3622207
0.2595511
0.26649076
0.2779596
0.26141065
0.23010127
0.25357324
0.21742561
0.5046736
0.5990372
0.47900915
0.5655446
0.4387315
0.51413655
0.31306198
0.38781828
0.30922884
0.4396917
0.30141443
0.23034759
0.31881145
0.26613456
0.27300748
0.23520926
0.19199567
0.22173658
0.2546088
0.20142984
0.2948106
0.18415068
0.21449296
0.18555616
0.22576764
0.28752
0.21003158
0.26005745
0.25610402
0.22075458
0.15512446
0.19097117
0.17556815
0.15902075
0.22858031
0.20899284
0.22622578
0.19899969
0.19282351
0.27938232
0.11947048
0.14963068
0.13916954
0.1611877
0.14041057
0.16533971
0.14919811
0.12821397
0.15047365
0.13093142
0.17873974
0.12620535
0.13713542
0.15505348
0.14142935
0.22706302
0.20840791
0.28380337
0.3084743
0.2875388
0.093535334
0.120990336
0.13571087
0.13465787
0.20641541
0.20420957
0.17691241
0.28102177
0.39376813
0.4257528
0.6169729
0.8583828
0.39812082
0.8533853
0.8294802
0.76062405
0.78745365
1.0985966
0.7093034
0.71251386
0.4217659
0.5171187
0.47682366
0.8813173
1.119422
0.8969742
0.93280345
0.71037066
0.48077464
0.46057397
0.1578934
0.12284517
0.16858092
0.30918166
0.574537
0.45978338
0.34970003
0.5474793
1.0809388
1.1345274
0.48930073
0.6981068
0.3479266
0.80182934
0.91940814
0.8328263
0.723856
0.6503099
0.5759925
0.5139675
0.14803778
0.3687267
0.29977855
0.9737302
1.1057031
0.98598945
0.8338399
0.8042595
0.73901546
0.63469154
0.5066198
0.40162355
0.3721494
0.23180771
0.19079746
0.14598939
0.14602116
0.10696149
0.09960491
0.086943686
1.0824031
0.16749646
0.080463424
0.07798709
0.08085517
0.06489323
0.08784756
0.11037497
0.10436128
0.100434504
1.357745
1.4385047
1.2775866
1.3072013
1.1303126
0.9439017
0.8132752
0.49008727
0.5067145
0.5050258
0.3167424
0.5484253
0.6573732
0.58080614
0.67170703
0.5899748
0.59030014
0.5258584
0.49341208
0.43480158
0.35173446
0.29479185
0.8674145
0.52795815
0.25098693
0.2710763
0.19276209
0.17979716
0.21813329
0.20461185
0.20021293
0.7006968
0.17786787
0.18269959
0.14207125
0.14436531
0.21782164
0.15621048
0.13688432
0.13879906
0.17204289
1.0981683
1.5272049
1.2110507
0.3817563
0.15611021
0.14805971
0.17098492
0.17135486
0.16421911
0.1387837
0.24121472
0.31958407
0.21210423
0.6666877
0.6172066
0.2658909
0.33318612
0.26121867
0.2660027
0.31724983
0.32815614
0.28566423
0.286974
0.29252353
0.34466553
0.278332
0.2768517
0.27017397
0.19269392
0.25100753
0.19561073
0.21908128
0.18187562
0.15120687
0.15467012
0.19203499
0.1558902
0.15788047
0.16855432
0.19169816
0.19972984
0.19503056
0.29641113
0.17281422
0.5040947
0.19620475
0.80027837
0.342312
0.19475663
0.2556041
0.3256316
0.21966858
0.2737796
0.26520887
0.27818364
0.24919169
0.2779715
0.23801291
0.26446015
0.8501341
1.1144608
0.8134535
0.24779308
0.2900324
0.28219348
0.2929427
0.268605
0.23967281
0.2840088
0.3062988
0.9551588
0.9191452
0.91414356
0.28324044
0.25496256
0.24452844
0.22683828
0.23575437
0.24932869
0.25017688
0.2655794
0.20243819
0.19573185
0.17104833
0.15276554
0.16175358
0.1750533
0.16271761
0.1576071
0.20288166
0.36830643
0.62843144
1.3816214
1.3148881
1.269952
1.1823866
1.0546038
0.9438305
0.799302
0.31871694
0.51167566
0.6255954
0.5273981
0.40679342
0.3405328
0.3544105
0.29206464
0.25981918
0.24284187
0.64618456
0.31745806
0.22788155
0.28261688
0.2264014
0.25988632
0.24333298
0.2281572
0.26415294
0.2705583
0.17903319
0.5090679
0.3277647
0.42296538
0.32375628
0.3679514
0.40734714
0.4127299
0.4703626
0.41241074
0.2999344
0.59140545
0.41111717
0.4441673
0.4333945
0.46839148
0.44387776
0.42801398
0.4642253
0.41031522
0.8246878
1.0243274
0.8764149
0.8481866
0.7900677
0.6921858
0.6733496
0.55365676
0.590304
0.38526246
0.9510355
1.2284591
1.3037668
1.3507204
1.2644951
1.1856718
1.1741011
1.036514
0.87811595
0.76863086
0.6036635
0.6126408
0.6029725
0.5415274
0.6189698
0.6420517
0.6238152
0.5999067
0.54626757
0.46091628
0.34695214
0.7494303
0.8763752
0.90538657
0.8766707
0.8920449
0.90482295
0.8609184
0.7900148
0.69724417
0.42113766
0.43661547
0.49254543
0.51709884
0.42848164
0.4636537
0.42534867
0.42153683
0.40410084
0.4175511
0.37284252
0.35124505
0.30567494
0.30200803
0.27450883
0.24411878
0.2624556
0.26414806
0.2311728
0.18682858
0.82395047
0.25382295
0.21039769
0.21085462
0.21365467
0.19463475
0.16850798
0.175419
0.16039011
0.15513207
0.25395936
1.3814088
1.40405
1.285506
1.1854032
1.0917969
0.986598
0.87216794
0.80456334
0.62098676
0.28018945
0.5223919
0.48583907
0.39418718
0.33416954
0.33950764
0.3068026
0.27063838
0.24149045
0.23467079
0.36480337
0.25321928
0.8485204
0.85162354
0.8101761
0.7683827
0.7364081
0.67523587
0.5648242
0.579634
0.57272446
0.62335396
0.68010324
0.7376305
0.73382825
0.83132136
0.83189887
0.834705
0.76571447
0.7789531
0.39515573
0.3934523
0.36222994
0.38778567
0.35654765
0.2947587
0.29597372
0.28126863
0.27516347
0.2834813
0.48148704
0.35208148
0.898759
0.9104396
0.87363863
0.8389198
0.87838393
0.84120446
0.7323339
0.6649198
0.2906126
0.37224063
0.33776402
0.34492308
0.33143583
0.3411526
0.342941
0.34707814
0.26223606
0.28851742
0.7529657
0.6925952
0.6620208
0.6682397
0.7105842
0.67261887
0.6904089
0.6055213
0.6240715
0.5526232
0.7390256
0.45692578
0.42938012
0.44619924
0.4858671
0.49310765
0.51637703
0.45122844
0.42125565
0.3862166
0.20759103
0.35793874
0.4642427
0.7598177
0.7666167
0.78687954
0.77989644
0.80992615
0.7257643
0.68627274
0.8882152
0.6664995
0.62249225
0.59002763
0.55725396
0.519192
0.49839768
0.45216236
0.44029316
0.3941527
0.4834628
0.53905374
0.34436482
0.3336785
0.3179564
0.2850644
0.2986074
0.30940196
0.30949873
0.32466227
0.27267945
0.727588
0.43132186
0.3136285
0.34909502
0.33533475
0.31253678
0.36663845
0.33459866
0.36999196
0.7588649
0.665422
0.62160337
0.5804817
0.6263386
0.5313109
0.4787611
0.44493395
0.3768534
0.34446853
0.38229853
0.28311497
0.29433104
0.2794243
0.21967919
0.24114951
0.2161304
0.17749503
0.17889787
0.16464539
1.3484517
1.397085
1.4272052
1.3653682
1.3232244
1.2365364
1.1824605
1.0502108
1.0079654
0.91316587
0.8249564
0.669223
0.57854277
0.50145066
0.4436718
0.42880026
0.3580838
0.3221061
0.29564297
0.2807691
0.26755494
0.4114255
0.5526978
0.7534462
0.69720227
0.72225434
0.90193164
0.7192546
0.68221223
0.59894246
0.41346073
0.37631005
0.37321705
0.42515415
0.4430398
0.55040556
0.50341094
0.5294753
0.58474064
0.5278049
0.4708777
0.5467881
0.4324028
0.33691117
0.4127616
0.37443238
0.3331637
0.31087154
0.29522404
0.29574725
0.42534393
0.29277685
0.23842175
0.22287646
0.20858352
0.1836898
0.20355232
0.19124627
0.16928208
0.16323721
1.2357981
1.2763464
1.2010496
1.139778
1.1185328
1.0621504
0.99078685
0.9087405
0.8401071
0.7446361
0.7606781
0.5855896
0.5707488
0.5097445
0.42817536
0.40712905
0.40727264
0.32018226
0.3109792
0.29340294
0.9922805
0.6166221
0.70062745
0.68102777
0.81553686
0.7134398
0.67764485
0.68542296
0.7287632
0.60856646
0.41660267
0.61693716
0.69557905
0.3830168
0.3462814
0.29670805
0.27606708
0.2682032
0.25994202
0.2200691
0.41855127
0.2784365
1.0080554
1.032068
1.0493338
1.021311
1.0364488
0.97820616
1.0056117
0.8954247
0.93287057
0.85210305
0.7176192
0.71160907
