0.70606804
0.6920117
0.81320715
0.6071635
0.7994818
0.6489352
0.8192814
0.6075652
0.8604287
0.576212
0.88283044
0.556966
0.7110221
0.6055535
0.60691005
0.7835503
0.54119605
0.6474887
0.5156959
0.6532825
0.51545393
0.7299731
0.54252595
0.55585116
0.5528501
0.5196246
0.51453304
0.6038972
0.43663865
0.5455274
0.6234156
0.4578212
0.5310507
0.519759
0.40291294
0.52852213
0.3947224
0.45847735
0.41310367
0.3626448
0.5735685
0.39841032
0.4571766
0.3694357
0.4502676
0.3721345
0.34525192
0.43714172
0.3443908
0.44170055
0.7061714
0.67136526
0.57339686
0.36862406
0.30187342
0.31158873
0.26671195
0.34383297
0.24734887
0.30005282
0.43170732
0.46612197
0.2994118
0.34413737
0.3063828
0.2700573
0.23302159
0.23050538
0.2535389
0.24062014
0.3866182
0.25407803
0.25837928
0.19575033
0.19792151
0.20492792
0.1997358
0.1888852
0.18342881
0.19352141
0.6530083
0.4221684
0.31281474
0.3249889
0.23539796
0.21252732
0.19925845
0.31935447
0.23864675
0.233729
0.74947435
0.61870015
0.60818803
0.3289293
0.35508734
0.24595654
0.19841358
0.20160942
0.20313248
0.15714264
0.2927617
0.42831403
0.26648045
0.25290263
0.20675986
0.15899745
0.24584365
0.18851602
0.21916959
0.19656928
0.14826584
0.1635936
0.14015643
0.12155181
0.15880589
0.13867682
0.13295326
0.1477907
0.15981446
0.19377264
0.74882954
0.631409
0.64936936
0.4906629
0.5147186
0.3939028
0.359724
0.36812896
0.2670609
0.24154241
0.74055827
0.62806886
0.34487364
0.32717514
0.24782753
0.35863724
0.24129088
0.27590692
0.19196258
0.18036547
0.27949652
0.3142134
0.23365423
0.20408073
0.14509778
0.107303485
0.10737833
0.102147974
0.114732765
0.09395677
0.13142487
0.102637485
0.105488956
0.1042135
0.11628841
0.11015811
0.107387975
0.11014744
0.10585417
0.10120537
0.95268166
1.0504953
0.32284826
0.4443244
0.2828948
0.1758187
0.16482493
0.1329188
0.101122096
0.099992424
0.10898052
0.11119081
0.08802758
0.09452868
0.11364774
0.11479437
0.09529553
0.08954569
0.10705198
0.10138011
0.34581405
0.37375754
0.14029339
0.13061199
0.12823972
0.0998322
0.09607149
0.101087034
0.09828309
0.105969965
0.085730694
0.101853386
0.10285039
0.10820277
0.09398659
0.09748559
0.098075524
0.101618364
0.10551395
0.099864066
1.1002727
0.42670506
0.3225662
0.1894364
0.14361902
0.10455346
0.10839955
0.08830364
0.08676769
0.08244984
0.4831392
0.25942865
0.1537974
0.13230684
0.121742345
0.109891795
0.17128536
0.09521613
0.08528197
0.09204647
0.16876869
0.13717005
0.08530219
0.103838846
0.094042584
0.08440064
0.08480519
0.100924805
0.09086615
0.095323674
0.19365291
0.17411533
0.10968517
0.10790946
0.098783
0.13445285
0.11931248
0.10192062
0.09690656
0.0840985
0.22717321
0.14153266
0.11316498
0.1067609
0.09597762
0.11543542
0.113177285
0.094901755
0.088569105
0.0857173
0.89564085
1.0711685
0.27010798
0.24472754
0.19378959
0.17805956
0.115343586
0.09239255
0.068504855
0.0957213
0.73740244
1.0856433
0.21072617
0.13499694
0.1377349
0.12978037
0.15038146
0.09292148
0.09161679
0.10495361
0.16734068
0.16079323
0.1299671
0.11845614
0.111903355
0.10043144
0.08810665
0.11554225
0.17906664
0.1102252
0.14370407
0.11340799
0.26516303
0.19894315
0.2850849
0.19340563
0.23223409
0.24115267
0.17083156
0.23875025
0.17711899
0.09126773
0.08777489
0.07424949
0.09623185
0.0861758
0.08554262
0.13621911
0.09596777
0.11477902
0.37998277
0.44393125
0.6381757
0.27077898
0.3858726
0.4030531
1.0525504
0.7975222
0.700647
0.6707807
0.061766107
0.08659236
0.06533067
0.07297317
0.091466166
0.070017025
0.13624582
0.191761
0.2682206
0.19041209
0.11763686
0.13592635
0.10060904
0.14109148
0.15603122
0.13417408
0.11003743
0.08826576
0.18728198
0.33415598
0.18756856
0.26624054
0.17938152
0.23157127
0.63703084
0.5065041
0.5142316
0.9509737
1.070359
0.8391708
1.3115474
0.7127549
0.69286376
0.7934136
0.8021728
1.0919694
0.46416822
0.4476625
0.48574597
0.31154448
0.25383303
0.22875448
0.33461732
0.3131853
0.5075338
0.537832
0.6992338
0.6411211
0.6239351
0.61380637
0.07826973
0.08007148
0.10786513
0.090148255
0.12290368
0.17247489
0.25708207
0.45337576
0.70105356
0.54485255
0.55441684
0.37754187
0.62343603
0.4201362
0.7422495
0.64304024
0.5948595
0.8489729
0.5612873
0.5349413
0.40909132
0.41354814
0.46217483
0.48641428
0.38220754
0.41230306
0.43267673
0.37761998
0.29722714
0.24785066
0.1007249
0.4066933
0.1864371
0.5026008
0.15836535
0.907392
0.82524836
0.2669452
0.2477797
0.93559885
0.15362087
0.4375317
0.1941067
0.48934674
0.24036667
0.6023599
0.8906318
0.6688426
0.6402179
0.55167305
0.46405643
0.4591189
0.38076666
0.37504512
0.29246944
0.26029485
0.24298851
0.23190644
0.2463083
0.24561349
0.12268044
0.92982024
0.63728917
0.29317057
0.29321593
0.346631
0.3875429
0.39035815
0.41149908
0.44933957
0.22271034
0.2486041
0.5787389
0.61037195
0.5258709
0.5833946
0.5983974
0.5200066
0.5313303
0.456458
0.2228456
0.4269766
0.9421379
0.7652583
0.58146214
0.6224822
0.42805344
0.45774382
0.5126305
0.43995127
0.81925595
0.8446972
0.7737682
0.727325
0.67266303
0.6795119
0.59626853
0.46305934
0.44015637
0.38995522
0.4946064
0.2696479
0.31517354
0.38258773
0.20839207
0.18483166
0.19450788
0.17343573
0.17360929
0.14983594
1.3676
1.6863182
1.5427907
1.4251913
1.2340908
1.0870442
0.8530812
0.6829996
0.6436409
0.41337186
0.113344155
0.12602817
0.28812578
0.26169255
1.1426523
0.88998824
0.9096907
0.96965235
1.0076216
0.81032
0.3328339
0.60027415
0.6067294
0.495994
0.41861072
0.37948176
0.29724118
0.2663824
0.20264587
0.18201545
0.17864777
0.17641506
0.13266209
0.110139504
0.10065931
0.09113552
0.08158259
0.084119424
0.08354146
0.07605177
0.6479395
0.132451
1.6507632
2.1667964
1.9802269
1.8358482
1.5774014
1.3750826
1.2380102
1.155757
0.9073259
0.76037556
0.65797406
0.46095777
0.3796627
0.31751734
0.31988806
0.34194693
0.20467547
0.1773149
1.169317
1.3587356
1.3361619
1.176871
1.1760113
1.1183106
0.9575451
0.8179944
0.6666722
0.6202843
0.5027801
0.52257085
0.44567546
0.35643756
0.2842778
0.26475865
0.24943705
0.22805233
0.1702998
0.1715365
0.22218296
0.14848185
0.12659857
0.122817084
0.12795554
0.12697695
0.12199725
0.10324472
0.10808506
0.103795364
0.14783639
0.11443804
0.10731063
0.109998085
0.1050721
0.11786483
0.122081555
0.11634159
0.12732117
0.13186339
0.17185567
0.13222273
0.17079473
0.12927581
0.12439768
0.12641256
0.17098415
0.15039544
0.1480786
0.13117704
1.6723211
1.581599
1.54002
1.4857515
1.2192949
1.211006
1.0577129
1.0238484
0.83392084
0.7872833
0.56955254
0.62732756
0.5643829
0.66066223
0.619465
0.6627388
0.7347779
0.67525995
0.7078967
0.632342
0.179975
0.2502517
0.3936711
0.6435839
0.6668072
0.736742
0.6295308
0.6016874
0.674553
0.7089895
0.4230655
1.0254622
0.68092096
0.61823875
0.56247926
0.5464419
0.577508
0.5336539
0.5075053
0.46694833
0.6736813
0.85271025
0.8894173
0.8408478
0.8794285
0.83924663
0.91528475
0.87696266
0.82956743
0.8069831
0.4094499
0.7837052
0.6575086
0.6631481
0.59473234
0.5566738
0.499785
0.47138983
0.47565618
0.43970552
0.7262482
0.8185217
0.8628663
0.7793913
0.753397
0.66817737
0.7609293
0.6782001
0.6351508
0.5634171
0.2185303
0.44133288
0.46462566
0.44453615
0.39245668
0.370519
0.36417806
0.30782735
0.2929038
0.29261485
0.20647772
0.16687742
0.9583422
1.2822462
1.2536848
1.3031175
1.2021846
1.1497431
1.0751306
1.0505368
0.24521104
0.8326564
0.8849308
0.80014193
0.7433714
0.6384527
0.66923785
0.58074045
0.555167
0.49438316
0.5392544
0.4018887
0.3587051
0.31268063
0.31228644
0.3100533
0.26968974
0.23834077
0.26134363
0.25054705
0.4260201
0.24270344
1.110239
1.1431967
1.1743108
1.1441765
1.0129695
1.0187131
0.8955208
0.76976097
0.44425926
0.4772811
0.52652085
0.5428048
0.6122607
0.56369454
0.58068246
0.63216764
0.7641632
0.6863607
0.6548138
0.65002453
0.5935109
0.5827042
0.50786245
0.46282196
0.52075326
0.47887903
0.48905092
0.45394415
0.21397117
0.1746237
0.4153208
0.48046035
0.84253454
0.88298875
0.8394003
0.86080295
0.74646056
0.7218579
0.4906175
0.7012288
0.5035672
0.5234748
0.555274
0.5747024
0.55087996
0.57745105
0.5882023
0.5294109
1.2061278
0.66346323
0.5909275
0.5093869
0.534596
0.45528618
0.4257269
0.47360262
0.48842186
0.3687918
0.41398835
0.370014
0.58425325
0.3772389
0.3226636
0.3577512
0.34958118
0.34211117
0.35112816
0.31659397
0.19258074
0.6172013
0.30728337
0.33200017
0.2855649
0.3413487
0.30994543
0.33859017
0.36532724
0.26435772
0.21159558
0.79197204
0.9324687
0.9479066
0.9131166
0.8866237
0.84844625
0.81641054
0.7659849
0.626037
0.879599
0.56015784
0.6166178
0.638155
0.61536795
0.8330425
0.6902722
0.6691319
0.61917865
0.58504236
0.18342048
0.32443863
0.38820052
0.50320995
0.5376076
0.5672058
0.57702196
0.52144414
0.45891818
0.50318754
0.22298265
0.60084975
0.4391676
0.40250054
0.36333832
0.3344291
0.32569653
0.33835593
0.3700391
0.29653484
0.8220748
0.25305492
0.23632586
0.22819877
0.2449973
0.22363372
0.18687753
0.19734631
0.20196876
0.20284352
0.24469133
0.18302163
0.27337134
0.54044473
1.221929
1.2763022
1.2646358
1.2124164
1.2135891
1.0484152
0.85202074
1.1047932
0.81640136
0.8126234
0.8267369
0.65095484
0.660658
0.58025813
0.54662
0.47253314
0.6090602
0.648232
0.6524774
0.6671101
0.63723063
0.6639573
0.66796243
0.59697247
0.5931636
0.6162251
0.47735554
0.49964747
0.6269549
0.545891
0.5814416
0.56424344
0.63974696
0.61180174
0.6053113
0.49741572
0.20977704
0.4023215
0.5416776
0.46006513
0.48251358
0.5033026
0.48268804
0.4594276
0.44051608
0.40241623
0.296239
0.6501564
0.7077228
0.6737748
0.70820683
0.70891184
0.57722896
0.6716104
0.5888536
0.62631047
0.41122016
0.55274236
0.43877035
0.40015683
0.43402433
0.42829353
0.39174286
0.43262944
0.475349
0.3873571
0.5431175
0.5987691
0.62765306
0.567525
0.6165861
0.6392731
0.63606083
0.54483575
0.5809903
0.55026734
0.22642004
0.29212302
0.49712238
0.51340693
0.6502771
0.4481573
0.4577754
0.4597117
0.3753534
0.3551543
0.6644657
0.32654077
0.32854825
0.3420793
0.31389615
0.35986644
0.32021892
0.2608367
0.2561753
0.31960708
0.31784785
0.319513
0.6996233
0.77003086
0.81666756
0.7916592
0.69958395
0.7296747
0.687091
0.57852745
0.53836834
0.4533443
0.4952492
0.509264
0.44739848
0.5439144
0.4861353
0.5410968
0.43059856
0.49105492
0.8706824
0.4553555
0.49127904
0.5310541
0.4913648
0.4573947
0.49014345
0.4748401
0.416606
0.3861338
0.29076105
0.60511607
0.6528165
0.6070348
0.6536706
0.65453064
0.6748033
0.6434573
0.67757285
0.6817807
0.18466759
0.2766408
0.5511189
0.53499365
0.51569784
0.54039323
0.5395945
0.53312075
0.5015123
0.36621615
0.13275635
0.22171783
0.23149145
0.33134758
0.6610389
0.62996525
0.55506706
0.60701525
0.4946161
0.56194556
0.39079538
0.5914867
0.4939925
0.40893134
0.4103934
0.35367605
0.3711396
0.42330235
0.32504565
0.30382127
0.6970636
0.985092
0.918441
0.9053216
0.8727873
0.8182866
0.76497114
0.7503684
0.67839485
0.7667717
0.45662197
0.34065783
0.47483292
0.3726204
0.3896778
0.3840428
0.39443466
0.4119729
0.37808543
0.3692261
0.30876076
0.53311944
0.66893095
0.549186
0.5888036
0.7319607
0.6328336
0.62565696
0.5994539
0.53915125
0.2886929
0.35151634
0.53542215
0.5334341
0.61159784
0.47168654
0.4730889
0.43464035
0.5283667
0.41237965
0.3891888
0.4189526
0.4196542
0.38270584
0.4639277
0.33240518
0.41723555
0.38659963
0.34764522
0.4005538
0.27765042
0.6137731
0.6537547
0.5661503
0.6024609
0.5747046
0.5672485
0.53599495
0.46067458
0.4492877
0.27246073
0.331883
0.6736665
0.3606148
0.3224101
0.30213642
0.24374807
0.24658081
0.24216866
0.22819707
0.23417287
0.3250276
0.23563306
0.7719536
1.0597534
1.0760983
1.0660706
1.0157787
1.0719211
0.9425292
0.45260364
0.29135588
0.8541384
0.27581605
0.23688225
0.24222174
0.3088604
0.2862378
0.24994986
0.25370598
0.72846234
0.678214
0.6463648
0.63259876
0.65115696
0.6869863
0.6871212
0.5745565
0.47810274
0.57102835
0.36152998
0.3642277
0.4202114
0.42392665
0.45166263
0.41938147
0.4328063
0.36050317
0.37330046
0.40116987
0.3771084
0.3275805
0.2874729
0.2677012
0.27919367
0.25152206
0.21339402
0.20135346
0.17647827
0.1880625
1.0430602
1.053459
0.9937895
1.0554202
1.0264412
0.9146843
0.893832
0.9877392
0.73417085
0.7349428
1.0253758
0.7004436
0.5629495
0.57786846
0.5502024
0.44929537
0.439492
0.41406465
0.4026329
0.40510517
0.4839843
0.5205174
0.520099
0.511511
0.5309104
0.52070934
0.49392256
0.46425653
0.3919206
0.3751631
0.61130065
0.35322738
0.331469
0.3113219
0.2795443
0.25203893
0.23006248
0.21708496
0.19579655
0.18184943
0.91895324
0.815611
0.8861333
0.9711955
0.8687251
0.83806765
0.86347085
0.8482522
0.8022243
0.77447593
0.25359622
0.21260974
0.23026899
0.25407434
0.24787739
0.2824515
0.25835127
0.2743614
0.2799195
0.31033257
0.5415884
1.0587171
0.57908666
0.5705365
0.57321995
0.5787716
0.5283939
0.5343293
0.5313606
0.49619803
0.16167887
0.2513258
0.35060424
0.37706932
0.32816523
0.3569196
0.38092119
0.3326814
0.3054778
0.2688082
0.18573895
0.35505447
0.51776516
0.50544786
0.50221264
0.52712005
0.512453
0.475202
0.49398756
0.53955144
0.1415156
0.21983843
0.32407025
0.6639412
0.49787155
0.5493015
0.52635187
0.4595131
0.49009958
0.43580857
0.54944634
0.46335927
0.40919846
0.40772033
0.45429754
0.42724103
0.36506188
0.35150355
0.36030477
0.38168395
0.35874835
0.34626526
0.3265013
0.2927208
0.30177894
0.24787161
0.31983295
0.24254283
0.31834105
0.2392874
0.58897823
0.26681337
0.26808968
0.26735833
0.29237062
0.27005216
0.25869066
0.29393718
0.30338925
0.3158211
0.38541383
0.30825943
0.33011162
0.28059253
0.27889562
0.30952343
0.27530995
0.38771164
0.3218959
0.2958637
0.62855685
0.5835364
0.5082861
0.55436754
0.52589697
0.44909388
0.40946355
0.44655627
0.35425672
0.32522726
0.4759335
0.2752846
0.25895283
0.23965283
0.22268288
0.19327931
0.17142758
0.14173836
0.12911469
0.15869513
0.2189651
1.271718
1.1919416
1.0761156
1.2506579
1.2182003
1.1403259
0.96641016
0.8400127
1.0283251
0.78800184
0.7890494
0.74150944
0.6988108
0.64390147
0.6240691
0.5165051
0.52407664
0.450499
0.3964703
0.38507727
0.4937488
0.5486081
0.560476
0.567871
0.5903291
0.582976
0.4973341
0.4923578
0.45548025
0.4264103
0.58074415
0.43079105
0.5062183
0.55311114
0.415164
0.5495759
0.4750936
0.50285685
0.5196895
0.43951812
0.40582886
0.4993171
0.35253498
0.33215246
0.34537935
0.3513293
0.3064045
0.29598394
0.2702186
0.57631636
0.2569804
0.23423383
0.22939055
0.20171158
0.22670448
0.1756567
0.17369196
0.14943485
0.15720382
0.7873225
0.53556097
0.14711945
0.1368618
0.13255179
0.15501876
0.12986985
0.13509683
0.14051183
0.12541725
0.13401806
0.5761996
0.37926283
1.1169858
1.2153033
1.0460399
0.87680817
0.9083897
1.0186441
0.85617256
0.7622721
0.74378264
0.7184239
0.66427225
0.58926046
0.535877
0.4902628
0.41643423
0.404473
0.35667342
0.28329343
0.42221108
0.37548652
0.2929219
0.26914078
0.2363164
0.27655473
0.27500743
0.27869698
0.2685106
0.3106413
0.26530886
0.6029047
0.56222636
0.61893314
0.5979484
0.4962998
0.50946385
0.46423054
0.47093838
0.6101666
0.34434408
0.33108345
0.29437238
0.28030342
0.2845063
0.22614674
0.21745363
0.18155897
0.17294176
0.5813477
0.2520011
0.2598148
0.14777991
0.12046639
0.118422195
0.112527095
0.10038678
0.11287618
0.105723105
0.9456383
0.38137436
0.15442592
0.091011986
0.08786057
0.094689935
0.09661383
0.085691854
0.08414642
0.11230365
1.1807672
1.2085663
1.249462
1.199818
1.1652968
1.0792233
0.9829153
1.0463732
0.8764413
0.7670559
0.4734439
0.3076665
0.7174892
0.53762686
0.50108063
0.46711454
0.4921286
0.44771567
0.4053185
0.38758317
0.7663385
0.32797134
0.2872143
0.3128596
0.2793942
0.310404
0.3155587
0.2468627
0.2536508
0.27073926
0.593956
0.50666755
0.5345937
0.5884869
0.5408072
0.48717847
0.4379056
0.40903726
0.43472695
0.3834037
0.43188858
0.49905807
0.5057377
0.4834265
0.47325978
0.5278933
0.57736015
0.5689173
0.60930604
0.5654743
0.2732777
0.5083083
0.32707426
0.2445359
0.24384136
0.26308033
0.2435286
0.23410662
0.23242041
0.22112767
0.73868304
0.5842534
0.57630605
0.6529486
0.6193325
0.608967
0.58546484
0.5506075
0.60615665
0.6102246
0.4609418
0.43422788
0.508207
0.49021673
0.47344357
0.44602293
0.4354384
0.36691397
0.39436302
0.4300478
0.52441573
0.33866444
0.32378095
0.2985759
0.34437928
0.33815476
0.3041485
0.2663123
0.4020609
0.3101948
0.4486867
0.44328728
0.43916726
0.44888806
0.43859524
0.45450765
0.5339938
0.51699764
0.5189318
0.43788642
0.5144819
0.48570904
0.48509043
0.52173495
0.44761714
0.4063619
0.42895442
0.4126057
0.41355285
0.40718484
0.51786554
0.34720373
0.3572716
0.39840254
0.35968357
0.38953573
0.31958196
0.344768
0.38976952
0.32193738
0.55025846
0.7039459
0.41675195
0.4298088
0.3510786
0.37879264
0.33714026
0.35834786
0.3301642
0.2847319
0.44994673
0.29535663
0.26669934
0.21956034
0.2336661
0.18999465
0.18865128
0.17344265
0.17134795
0.16418117
0.75815594
0.35825688
0.2049504
0.12793683
0.19463609
0.12483786
0.11679832
0.11560883
0.14227667
0.11504159
0.60626304
0.10474105
0.11184883
0.09724281
0.09523682
0.09250633
0.09251053
0.09338357
0.10088371
0.12684327
1.0956987
0.21736205
0.0799463
0.08655777
0.08700546
0.08538838
0.093792275
0.08394031
0.07581087
0.086417906
1.0216469
0.35489374
0.07445961
0.10160716
0.0948726
0.08747016
0.09144683
0.088438444
0.08443905
0.08375932
0.22642076
1.0204365
0.34908324
0.10641255
0.08773248
0.08846195
0.10393636
0.099432155
0.1065027
0.0936239
0.32050663
1.0871838
1.0139372
0.9609392
0.9743142
0.9310109
0.9306197
0.7870947
0.72769034
0.6733693
0.46906433
0.35081434
0.5621249
0.5999494
0.5143088
0.45949546
0.44443488
0.4114295
0.43519115
0.4182245
0.3731343
0.3938008
0.31844816
0.4052561
0.3802819
0.35116917
0.2962348
0.2747818
0.28899482
0.31321168
0.5493807
0.40706468
0.43386197
0.39471975
0.441958
0.39696142
0.33597338
0.32658637
0.33360037
0.33221528
0.35483748
0.52702683
0.748059
0.5229658
0.48603576
0.5166315
0.5468301
0.60313356
0.49549198
0.48821077
0.7753491
0.4855023
0.5052959
0.5093523
0.5335845
0.50473267
0.47279358
0.4885865
0.44473416
0.5222551
0.48154324
0.49955043
0.30257592
0.39380556
0.34585017
0.36724555
0.31283873
0.3442394
0.38479793
0.3035422
0.6677001
0.34220535
0.28408036
0.24998453
0.22620864
0.23055191
0.21775782
0.24093099
0.18505596
0.17451003
0.6580163
0.35452312
0.22231002
0.21508276
0.14796339
0.162629
0.14371327
0.14257626
0.13751876
0.14595303
0.3007853
0.9261756
0.879334
0.9627243
1.0210059
0.8844659
0.8732182
0.7154057
0.7465359
0.73990685
0.71782905
0.1655362
0.19543245
0.15808947
0.17239642
0.1598864
0.1607483
0.36686522
0.22115593
0.18714853
0.5925595
0.4189004
0.210712
0.18477228
0.18334503
0.21359842
0.19346389
0.19911925
0.1854231
0.2051882
1.02136
0.6806556
0.5669774
0.5995585
0.6290909
0.6089063
0.66839373
0.5546826
0.64877445
0.63950795
0.29078764
0.25225788
0.25264615
0.20495549
0.1769726
0.2062622
0.1945059
0.18629387
0.19377694
0.19040094
0.5555203
0.5735437
0.5272571
0.56603116
0.5697571
0.52112854
0.5188438
0.4539225
0.43905807
0.5202056
0.5344874
0.4289783
0.5382651
0.43484387
0.40693545
0.36974242
0.39933687
0.4217298
0.3931418
0.3612599
0.48025686
0.35021144
0.3586466
0.38320506
0.3159297
0.3249438
0.3255338
0.33407825
0.27011606
0.29582292
0.4055594
0.42209387
0.43091863
0.43720484
0.45468324
0.47454676
0.35327008
0.3651039
0.33472842
0.35338205
0.5679196
0.4527398
0.41919065
0.48537844
0.47026047
0.55770636
0.5104561
0.47335547
0.41694403
0.43578163
0.3670871
0.58087146
0.5415149
0.43752688
0.46721625
0.43937284
0.3669891
0.38820577
0.38043493
0.45345435
0.4882689
0.58072513
0.29976615
0.3414291
0.31938994
0.30759943
0.3031026
0.27561796
0.2572709
0.26059383
0.604798
0.24321954
0.22388764
0.22931631
0.19082454
0.19535431
0.15768799
0.17728558
0.1819963
0.165757
0.2816533
0.80831707
0.7534948
0.7487859
0.7306406
0.70638597
0.61137843
0.6874012
0.6500591
0.7170492
0.5445071
0.13665272
0.16873865
0.1395942
0.15068349
0.15149602
0.14633933
0.14393681
0.1460078
0.18301576
0.34009928
0.1505277
0.1511187
0.1467826
0.114180066
0.11694916
0.10863103
0.13737892
0.12636168
0.14989045
0.7514485
0.24101754
0.9455184
0.72884417
0.6814427
0.7928554
0.7192752
0.73374677
0.7024926
0.5482601
0.66199553
0.61399835
0.6100439
0.56748885
0.5286923
0.46351892
0.52671397
0.48377913
0.43607324
0.39275616
0.33644244
0.46160102
0.37029466
0.32657447
0.40414748
0.33146268
0.3625766
0.290544
0.34152845
0.30422583
0.5425726
0.5109739
0.31334585
0.26973912
0.32135138
0.2634992
0.36336443
0.29512948
0.26515427
0.31527263
0.5534334
0.46616355
0.3556289
0.3385181
0.3572684
0.43044648
0.3601122
0.37035197
0.31319293
0.2767891
0.6963337
0.3908485
0.5059635
0.60378826
0.52751005
0.5914141
0.49701795
0.5426103
0.5025323
0.66005313
0.42806163
1.0738409
0.9564043
0.20877823
0.2242192
0.21481495
0.19582185
0.17508736
0.17944135
0.19231504
0.5867976
0.49106064
0.6628037
0.6925634
0.51292425
0.53751796
0.5944659
0.57837015
0.5471941
0.57908285
0.71018875
0.22896966
0.33593315
0.26931727
0.29878646
0.33148652
0.28371245
0.2242703
0.21768847
0.26368365
0.56896037
0.45298868
0.50589997
0.568764
0.48416677
0.47529382
0.5093667
0.4629585
0.55036426
0.438474
0.3727097
0.60075605
0.5281939
0.42781472
0.41152745
0.43371874
0.45941573
0.399167
0.45338148
0.42430586
0.4783844
0.49394956
0.47485265
0.43439737
0.41121927
0.45233423
0.36698085
0.4029502
0.45101124
0.42030293
0.3720325
0.39457905
0.42172813
0.4569738
0.36454207
0.3222882
0.40660858
0.3342269
0.33451244
0.31734827
0.71905196
0.30496436
0.3425302
0.29906422
0.35786936
0.27403647
0.25274333
0.31005967
0.2745053
0.28061688
0.9930335
0.7191588
0.54642195
0.5114821
0.5773352
0.7080848
0.41157612
0.3973326
0.36625177
0.4137373
0.52107507
0.36701337
0.53573
0.8803406
0.56416595
0.19589628
0.26271263
0.20770136
0.2279448
0.19806579
0.8762468
0.7571936
0.68386734
0.75388306
0.8227008
0.7226456
0.74972355
0.9149879
0.74862564
0.7373971
0.4109839
0.19191894
0.14983878
0.16184448
0.19587706
0.17531738
0.2178375
0.17981222
0.17017007
0.17278734
0.6115554
0.6465527
0.5256297
0.5136079
0.5204809
0.44919667
0.43090662
0.49403745
0.4541998
0.42018014
0.44008642
0.53023964
0.48462686
0.6716649
0.5778356
0.37300754
0.43993178
0.48462147
0.40905505
0.34874016
0.45822835
0.39912364
0.3758319
0.41163668
0.33402252
0.36264712
0.29096702
0.2932117
0.33006084
0.41320285
0.35243443
0.28573424
0.3438219
0.3388391
0.40388036
0.34485412
0.33806556
0.411369
0.2566148
0.33126143
0.38988978
0.3920172
0.28003332
0.31774265
0.34455347
0.28582597
0.26937824
0.32875237
0.45447555
0.32431284
0.44510037
0.51918477
0.566439
0.48897228
0.44838125
0.4290051
0.38309437
0.45287102
0.37645245
0.3463893
0.4973426
0.35089865
0.28622591
0.267106
0.28905636
0.24018356
0.22441117
0.20032242
0.18211944
0.20211318
0.4538346
0.20097926
0.14649773
0.2025216
0.13843006
0.13166788
0.11585075
0.120719336
0.13899517
0.13436238
0.28845346
0.13614658
0.12520066
0.1000407
0.13345717
0.102939144
0.099332586
0.12732229
0.10590874
0.093674704
1.0130302
1.1474569
1.0087974
1.1056471
0.9300419
0.97507954
0.7627512
0.8369194
0.6661127
0.785619
0.37161976
0.80167073
0.41870695
0.20229498
0.19352707
0.21357958
0.20450807
0.24610841
0.26849794
0.22982423
0.3446244
0.7981729
0.524498
0.5729872
0.4893292
0.4742197
0.5767931
0.45521182
0.5168961
0.4624961
0.48461542
0.39906007
0.41172418
0.37130034
0.41056913
0.3484486
0.36656338
0.3263306
0.3351086
0.36705667
0.43076771
0.33116832
0.4257256
0.3652479
0.3746873
0.3541433
0.29339498
0.33524323
0.37552494
0.30237374
0.44526225
0.33826
0.23072386
0.19366115
0.19151327
0.29022187
0.16402306
0.18544123
0.15089539
0.17835508
0.33499295
1.1265066
0.7352192
0.77968913
0.89893687
0.8549303
0.86887246
0.85124034
0.844314
0.7134787
0.4148826
0.76445395
0.30093578
0.4079532
0.17892438
0.16998085
0.28222454
0.20743553
0.17586258
0.31242162
0.8106697
0.75939107
0.5797137
0.550985
0.515813
0.5800958
0.61699057
0.49200243
0.42033854
0.5755584
0.3321324
0.22856808
0.27357095
0.26072666
0.26984882
0.28515092
0.2998127
0.2703401
0.23385556
0.2152218
0.58486444
1.135752
0.46480733
0.2808748
0.24925072
0.19734024
0.18555813
0.16344245
0.15941748
0.18676406
0.5786665
0.3579771
0.7503015
0.69333637
0.15322065
0.1279239
0.118904576
0.19042632
0.12143342
0.16936427
0.74561113
0.4046948
0.16240051
0.13338973
0.1313426
0.1451891
0.13921916
0.119403705
0.11032434
0.16294949
0.20506132
0.11241716
0.116759256
0.11954807
0.11251159
0.11266321
0.14090368
0.11232279
0.09094073
0.14058796
0.9521821
1.153483
0.9984476
0.83231163
0.89659417
0.9208062
1.0034962
0.85244733
0.77198035
0.6934391
0.9281125
0.7087213
0.5937665
0.57620466
0.57009274
0.5500781
0.42843357
0.4534102
0.44170564
0.35870948
0.49309784
0.50578433
0.3960746
0.3704336
0.4847231
0.5264305
0.36719796
0.33470443
0.70060146
0.5962352
0.5074108
0.9705375
0.4578793
0.58774585
0.6365943
0.6574092
0.5933027
0.73090154
0.6787628
0.55834174
0.43324298
0.5289834
0.4431572
0.45210204
0.514396
0.69011384
0.36480474
0.2903435
0.41870403
0.24223427
0.545287
0.35904062
0.30579382
0.29488486
0.20467894
0.21283856
0.19066872
0.19786295
0.24072821
0.19375192
0.32294422
0.68438417
0.51598465
0.16345978
0.13762632
0.3040399
0.19431216
0.1612855
0.1371297
0.13585074
0.9148632
0.96415985
1.1320813
0.8974904
0.9772954
0.80041486
0.86349744
0.9060286
0.86521405
0.64660245
0.636431
0.39306122
0.20873985
0.23900416
0.24628516
0.18842088
0.27180782
0.18730748
0.22162029
0.20078412
0.5389056
0.21781833
0.24603637
0.21018764
0.47472945
0.7876879
0.8067554
0.75319386
0.8105668
0.7609773
0.3766736
0.53779936
0.37328494
0.58531904
0.28411055
0.32274318
0.21630284
0.23053351
0.2647602
0.43638954
0.49807876
0.34109038
0.19452222
0.14200738
0.25757164
0.16095228
0.30456993
0.25467673
0.16959779
0.16873468
0.70001245
0.14010128
0.20169398
0.15996116
0.13067126
0.17098963
0.15486294
0.1277027
0.122297145
0.13486953
0.28370818
0.9208926
1.1090356
0.6021369
0.26312953
0.11073762
0.1270947
0.11429548
0.35289136
0.2876813
0.28421876
0.14785926
1.1462638
1.0347254
0.21790893
1.1100228
1.0259998
0.9474397
0.9812695
0.8931142
0.59155834
0.40248752
0.5467598
0.34068832
0.63120335
0.41043052
0.6791918
0.35554224
0.62311345
0.924363
0.639338
0.49123186
0.551043
0.5684
0.50369036
0.5405383
0.4568227
0.5206302
0.43622285
0.51861465
0.68060553
0.60879654
0.5458843
0.54626215
0.5266006
0.80798835
0.49761754
0.59840906
0.746748
0.59056026
0.52872753
0.6087829
0.5671503
0.40434217
0.47324714
0.46706122
0.5354324
0.5682965
0.54126036
0.45201015
0.67836463
0.47825044
0.57279307
0.5510901
0.6167471
0.5303845
0.7481437
0.50614285
0.5705013
0.52019274
0.41149196
0.43108368
0.4192254
0.35460564
0.432084
0.48585185
0.4490823
0.3884479
0.48219365
0.6846821
0.518448
0.34212083
0.48563567
0.3422217
0.56239593
0.5300654
0.4529757
0.3469076
0.52707255
0.33932194
0.9093569
0.8331345
0.6590042
0.4323112
0.6841172
0.7284525
0.75382334
0.47373715
0.5525094
0.40445834
0.39682075
0.49749273
0.3638203
0.46748513
0.36499804
0.4851358
0.43140635
0.58237034
0.72445875
0.44277972
