0.8526174
0.7093614
1.017786
0.65265524
1.3995379
0.9592638
1.0309775
1.0860784
0.82500297
1.3622979
0.9749678
0.6275246
0.8282652
0.57484365
0.6697465
0.889524
0.68091273
1.2675086
0.62421644
1.2296363
1.0673678
0.6482493
0.87927055
0.67905843
0.898656
0.6705873
1.1484611
1.4176221
1.0444798
1.2721848
0.9798131
1.1876926
1.0848763
1.2475495
0.9976846
1.3039986
0.94567645
1.4530338
1.0311937
1.1253309
0.56181157
0.92932975
1.1165192
0.7511898
1.3385968
1.0991194
0.7220991
1.0344226
0.7985803
1.369431
0.7281345
1.245245
0.92332745
1.2321928
0.86643946
0.75127524
1.3608382
1.3481276
0.9584181
1.3638052
1.0691564
0.9605193
1.0539457
1.0175159
1.2887129
1.1528496
0.853068
1.1177363
0.8586146
1.429949
1.050008
0.5675162
0.8921501
0.68746877
0.9260298
0.8723296
1.0136145
1.0403506
1.0174543
1.1246548
0.64298934
1.2336457
1.2939212
0.8865591
1.0686808
0.80673325
0.44558224
1.3529913
0.69690275
0.9808343
1.0559342
0.67315567
0.95703125
1.2066666
0.9868635
1.428673
1.2457259
1.0655874
1.3733995
0.647748
0.8074196
0.8743971
1.4723736
0.66988975
0.8431322
0.7783693
0.63783556
1.3574272
1.0440807
0.63365376
0.8655118
1.2808778
1.1959031
1.1197823
0.9134759
1.1271827
0.92028844
1.7531502
0.8653778
1.1914583
1.1653262
0.616963
0.8923494
0.7453937
0.9117838
0.59127206
0.82382166
0.5259471
0.92370766
0.6290593
0.99919856
1.0914958
0.72757375
0.73487675
0.54095405
0.6918522
0.6882163
0.6923933
0.6689717
0.69019306
0.7526694
0.5933818
0.7102817
0.83786595
1.0550277
1.1378417
0.7906901
0.778859
0.9235713
0.5443408
0.54539925
1.0896884
0.68196124
0.8628333
1.2267541
0.7167617
0.98343784
0.5803038
0.81380284
0.7621841
1.6112477
0.72941285
0.9797349
0.56731766
1.1399715
0.7018346
0.63019484
0.9452675
0.8250144
0.7535755
0.65810585
0.99504787
1.0134678
1.4114331
1.1524103
0.698655
1.4491792
0.7950399
1.3120698
0.92107475
1.2885487
1.3812172
1.511265
0.79944414
1.2067139
1.4538926
1.6970656
1.4970682
0.8324321
1.290386
0.93150264
1.104604
1.1176853
0.5683893
1.4315965
0.6603679
1.0155656
0.8916427
0.7864156
1.4224141
0.8858861
0.9236253
1.5532554
0.5665067
1.1822755
0.6087595
1.2305986
0.8031557
1.0393628
1.1570556
1.1627882
0.85987204
0.7690179
0.92286474
0.7845551
0.9149829
0.6218213
1.3815339
0.9588405
0.66348165
1.4951527
0.8975156
1.0781826
0.9951917
1.1754334
1.1556797
1.1176869
0.787814
1.2247396
0.8657754
0.65070885
0.8630272
0.8234621
0.83841145
0.7728659
0.82869923
0.7038468
0.7441595
0.69647837
0.6966173
0.77374727
0.7018225
0.6937545
0.6932117
0.6931551
0.69397014
0.6937617
0.81385326
0.7081717
0.7008783
0.95961046
1.1025407
1.0234402
1.0189167
1.0518724
0.8240243
0.94668007
1.1456492
0.7759868
1.1363381
1.0766451
0.6931473
0.6931473
0.69506323
0.6941175
0.6931483
0.6931876
0.6931473
0.6931473
0.704344
1.2171061
0.7776709
1.1716774
1.0992813
0.8260576
0.79317087
0.7022916
1.3626847
0.53005546
0.9814793
0.50095224
0.7777518
0.7011764
0.6931478
0.6931473
0.6931473
0.6932119
0.69524634
0.6931596
0.69648933
0.5112724
0.7107705
0.6931804
0.6932262
0.695145
0.6931473
0.69315654
0.69314814
0.6932203
0.6931472
0.8434167
0.6981314
0.6931473
0.6931473
0.6931473
0.6931473
0.6931473
0.69314736
0.6931473
0.6931473
0.5580189
0.7670754
0.69314736
0.6931473
0.6931473
0.6931473
0.69314736
0.6931473
0.6931473
0.69314736
0.66864955
0.9534663
0.86967677
0.79404366
0.69411576
0.6931475
0.6931475
0.6931473
0.6931553
0.69322604
1.1850169
1.1940542
1.4819646
0.8771763
0.8218483
0.89165676
0.6932349
0.6931473
0.69315004
0.69316834
1.081081
0.69314736
0.69322383
0.6931626
0.69314957
0.6931473
0.69314736
0.6931473
0.8074783
0.69314986
0.8517941
0.6931485
0.6931475
0.6931473
0.69314736
0.6931473
0.6931473
0.6931473
0.6931473
0.6931473
0.86736
0.704918
0.5484182
0.66657656
1.060474
0.69314736
0.6931473
0.69315577
0.693147
0.6931497
1.3148307
0.69314796
0.6931475
0.6931475
0.6931473
0.6931473
0.6931473
0.6931473
0.6931473
0.69314814
0.591235
0.540977
0.62775725
0.6030894
0.6346563
0.6804458
0.6855849
0.6930169
0.67488605
0.67666024
1.0854028
0.64438367
0.9529506
0.5414209
1.0021006
0.69332725
0.6931473
0.69314766
0.6931473
0.6931473
0.9452281
1.4152377
1.303252
0.75509846
0.97223073
0.6903228
0.9508589
0.6931473
0.6931473
0.6931488
0.97582704
0.8430049
0.85775155
0.69462216
0.6931473
0.69314736
0.6931473
0.6931473
0.6931473
0.6931473
1.4498613
0.5231225
0.97847235
0.6931473
0.6931473
0.6931486
0.6931473
0.6931473
0.69314736
0.6931473
0.9685232
1.3151289
0.84599304
0.5651784
1.2575023
0.7752282
0.8384749
1.4006883
0.6931497
0.6931473
1.4216499
0.90769255
0.7936832
0.65328425
0.9094434
0.6931473
0.6931473
0.6931473
0.6931473
0.6933223
1.4094353
0.6037067
0.9427341
0.8063639
0.78649414
0.6931742
0.6931473
0.6931473
0.6931473
0.6931473
0.6103778
0.47551575
0.76662225
1.0896554
0.6931473
0.6931473
0.6931473
0.6931473
0.6931473
0.6931473
0.46992284
0.6861169
0.99788415
0.75779885
0.6931473
0.6931473
0.6931473
0.6931473
0.6931473
0.6931473
1.8107942
0.6157931
0.9154156
0.68795735
0.92993563
0.6931473
0.6931473
0.6931473
0.6931473
0.6931473
0.7719447
0.6931473
0.6931473
0.6931473
0.6931473
0.6931473
0.6931473
0.6931473
0.6931473
0.6931473
0.6863161
0.64883244
0.74752045
0.6931473
0.6931473
0.6931473
0.6931473
0.6931473
0.6931473
0.6931473
0.72143805
1.6763961
0.83892363
0.85595495
0.7367319
0.709447
0.6931473
0.6931473
0.6931473
0.6931473
1.1348054
1.5971873
0.81945056
1.1158092
0.7627435
0.6931473
0.6931473
0.6931473
0.6931473
0.6931473
1.1219728
0.79659635
1.218536
0.61682844
1.3729712
0.7934122
0.57291967
0.6931473
0.6931473
0.6931473
0.6857559
0.76306134
0.6931473
0.6931473
0.6931473
0.6931473
0.6931473
0.6931473
0.6931473
0.6931473
0.6055966
0.4113801
0.66121894
0.9220812
0.6931473
0.6931473
0.6931473
0.6931473
0.6931473
0.6931473
0.582017
0.44498843
0.60341
0.6917241
0.6930748
0.6857084
0.6401188
0.5528051
0.68534535
0.6931466
0.8604326
0.6931473
0.6931473
0.6931473
0.6931473
0.6931473
0.6931473
0.6931473
0.6931473
0.6931473
0.69315434
0.6931473
0.6931473
0.6931473
0.6931473
0.6931473
0.6931473
0.6931473
0.6931473
0.6931473
0.62265307
0.6117311
0.69293654
0.6918436
0.686329
0.5183424
0.6185795
0.5837523
0.7007239
0.6822769
1.2549616
0.77631414
1.4479619
0.6397902
0.96946174
0.69314754
0.6931473
0.6931473
0.6931473
0.6931473
0.5466724
0.7612258
0.6931473
0.6931473
0.6931473
0.6931473
0.6931473
0.6931473
0.6931473
0.6931473
0.97892267
1.1656934
0.97659093
1.6371148
0.7251681
0.89620316
0.6076066
0.6931473
0.6931473
0.6931473
0.93824255
0.7191139
1.054652
0.5833298
0.9861647
0.6931473
0.6931473
0.6931473
0.6931473
0.6931473
0.59154826
0.6658634
0.69313705
0.6931472
0.6930025
0.68943644
0.69314325
0.69314516
0.69314116
0.69309604
0.78371346
0.6020217
0.67665195
0.6931302
0.6931319
0.6931465
0.6931472
0.69303226
0.63194376
0.5491587
1.1557316
1.300323
0.7085968
0.69318104
0.6931473
0.6931473
0.6931473
0.6931473
0.6931473
0.6931473
0.72109014
0.69314593
0.6931405
0.6931472
0.693147
0.6931472
0.6931468
0.6931472
0.69314706
0.6931472
0.48459587
0.72439533
0.6931473
0.6931473
0.6931473
0.6931473
0.6931473
0.6931473
0.6931473
0.6931473
0.73305666
0.69314706
0.6931459
0.6931473
0.6931473
0.6931473
0.6931473
0.6931466
0.6931473
0.6931473
1.0739263
0.6931473
0.6931473
0.6931473
0.6931473
0.6931473
0.6931473
0.6931473
0.6931473
0.6931473
0.8629819
0.6182471
0.6931473
0.6931473
0.6931473
0.6931473
0.6931473
0.6931473
0.6931473
0.6931473
1.5517623
0.6155041
0.70000887
0.6931473
0.6931473
0.6931473
0.69314796
0.6931473
0.6931473
0.6931473
0.9078393
0.6931473
0.6931473
0.69314796
