[0.16778779]
[0.6800788]
[0.3502967]
[0.045785163]
[0.7311733]
[0.7160071]
[0.6884371]
[2.408805]
[2.3663404]
[0.06653649]
[2.017623]
[2.3221672]
[3.3890793]
[0.21003]
[2.979637]
[0.69041735]
[1.1804025]
[0.7009647]
[3.425616]
[0.35056478]
[0.69314766]
[3.355809]
[0.69314635]
[0.3396484]
[3.1874347]
[0.67140394]
[0.9883803]
[1.0325794]
[0.049376942]
[0.033993457]
[0.5323676]
[0.2346066]
[0.02203051]
[0.67954254]
[0.79304284]
[0.26063478]
[0.9269275]
[0.075008474]
[0.69247055]
[0.62705874]
[1.7841423]
[0.62821954]
[0.6931472]
[1.6873755]
[3.2592652]
[0.6970161]
[0.8976181]
[0.69315386]
[0.68128747]
[2.5805845]
[0.8113601]
[3.6287603]
[1.2946703]
[0.693149]
[0.44510168]
[3.2351239]
[0.13625477]
[2.5298111]
[0.14599203]
[0.7041658]
[0.29588503]
[0.04743293]
[0.7265912]
[1.2975725]
[0.041739665]
[0.1211715]
[0.69314516]
[0.69314086]
[0.69785476]
[0.05657307]
[0.69325876]
[0.13605179]
[2.2737284]
[0.6931504]
[0.6047521]
[0.22961852]
[1.6172638]
[0.39747122]
[2.9617581]
[2.205473]
[0.37318406]
[0.691026]
[1.8514197]
[0.86376274]
[0.17140776]
[0.36691096]
[3.381862]
[0.30808404]
[0.3817466]
[0.13975272]
[2.5103102]
[2.4969018]
[0.6260133]
[1.1896012]
[0.08507567]
[2.4860482]
[0.68704265]
[2.7711837]
[0.8748537]
[0.07451389]
[0.20823786]
[0.08543715]
[2.5294237]
[1.5574917]
[3.178358]
[0.6929928]
[0.68163395]
[0.66059864]
[1.3072146]
[2.5401695]
[1.4707369]
[0.6931472]
[0.6931472]
[0.8456017]
[1.6157705]
[3.0831685]
[2.7902405]
[1.8820919]
[0.4855941]
[0.15460967]
[0.13644202]
[0.7704386]
[1.7665888]
[0.674695]
[2.1816607]
[0.18254298]
[0.69487613]
[0.114096895]
[0.050334886]
[1.2265909]
[0.86569124]
[0.87764055]
[0.51026773]
[0.16183263]
[0.25685453]
[0.052996624]
[2.1952627]
[0.8092517]
[2.4423838]
[2.2039795]
[0.132609]
[3.3505204]
[0.71868145]
[2.810298]
[0.26448247]
[0.6931472]
[2.594858]
[2.7492337]
[0.20088097]
[0.5446682]
[1.0414422]
[2.654314]
[0.15269968]
[1.6009424]
[0.19943592]
[0.09691378]
[0.7092155]
[0.12560523]
[0.771455]
[0.69311523]
[0.028465947]
[0.66556495]
[0.06407089]
[0.426227]
[2.0726695]
[1.2169833]
[0.08546967]
[1.6293919]
[0.6931505]
[0.69068164]
[0.3033791]
[2.041384]
[0.70261097]
[2.8742125]
[2.664307]
[0.6931472]
[0.6610033]
[0.94227207]
[0.48451024]
[1.1086354]
[0.21998443]
[0.05932163]
[0.8034375]
[0.2453612]
[0.6938455]
[0.12963045]
[2.322869]
[0.6012679]
[1.1969134]
[2.4678173]
[0.05763788]
[2.0393305]
[0.6785963]
[2.6391888]
[0.15386602]
[1.8054225]
[0.1640439]
[1.1508822]
[2.4179134]
[0.3929202]
[0.05119443]
[0.021282297]
[0.22768497]
[0.6627137]
[0.62378323]
[0.69209963]
[0.6931486]
[0.6931697]
[0.6931511]
[0.69320583]
[0.68889844]
[0.6994373]
[0.3822277]
[0.64195734]
[0.6931441]
[0.7308169]
[2.702429]
[2.1868825]
[3.5171385]
[1.8652638]
[2.336954]
[0.766247]
[0.70634365]
[0.6931459]
[0.6934759]
[0.69308686]
[0.6925977]
[0.74401283]
[0.6931484]
[0.6931746]
[2.9336526]
[0.6793912]
[0.118871726]
[0.21787572]
[0.15812811]
[0.70757586]
[0.038667023]
[0.7044112]
[0.15067706]
[0.43220255]
[0.5512203]
[0.6963985]
[0.630782]
[0.69289976]
[0.69316316]
[0.67463756]
[0.1699316]
[0.062541805]
[0.03116645]
[0.21659532]
[0.2418846]
[0.11808818]
[0.06906407]
[1.2956756]
[3.5607922]
[2.635542]
[0.69336087]
[1.1112137]
[0.8116587]
[0.69136864]
[0.68889356]
[0.691834]
[0.6932672]
[0.6825524]
[1.2409745]
[0.56714344]
[1.2288182]
[3.1067042]
[3.0760167]
[2.211209]
[0.12130688]
[0.64339453]
[0.6931472]
[0.09291602]
[0.08513492]
[0.69447476]
[0.49339765]
[0.6794768]
[0.6931472]
[0.0612533]
[0.17162548]
[0.07611388]
[0.20116344]
[1.1978042]
[0.06978858]
[0.03590451]
[2.8149471]
[1.2592785]
[2.516006]
[2.6069002]
[0.5769049]
[0.77463377]
[0.6422236]
[0.6745834]
[3.3258932]
[0.6682134]
[0.72480464]
[2.033976]
[1.34273]
[0.51902014]
[3.0607314]
[0.6931472]
[0.21331011]
[0.3673948]
[0.16691743]
[1.7286654]
[0.91746914]
[0.21827284]
[0.15830344]
[0.71480554]
[0.104773015]
[0.38768098]
[0.09741267]
[0.7716758]
[0.029856063]
[0.6736576]
[0.37903166]
[0.36130205]
[0.47737682]
[0.70306]
[0.21895927]
[0.10425754]
[0.22924912]
[0.697876]
[3.6139097]
[0.6931126]
[0.74653655]
[2.124657]
[1.3320404]
[0.6091277]
[0.5995746]
[0.6931472]
[1.9415398]
[0.6960802]
[1.0136068]
[3.5710745]
[0.18032715]
[0.6929884]
[2.780632]
[0.40252176]
[1.1798692]
[0.10865455]
[0.66860485]
[0.4239374]
[0.67080593]
[0.05152579]
[0.20488864]
[0.26798254]
[1.2235105]
[0.2880118]
[2.085976]
[0.69313586]
[0.7007321]
[2.8213928]
[0.26371506]
[0.17433767]
[2.1095836]
[0.69314706]
[0.6793826]
[0.69331837]
[1.9265368]
[0.6931472]
[0.3293477]
[1.6670418]
[3.5993783]
[0.6931472]
[0.5476249]
[0.602874]
[0.08290473]
[0.69314706]
[0.2592136]
[0.042691436]
[0.11812057]
[0.6931472]
[0.0270679]
[0.6931472]
[0.7556752]
[0.12429486]
[2.2247229]
[0.69314694]
[1.5476865]
[0.23533253]
[3.193501]
[3.6360033]
[3.5086975]
[0.5439251]
[0.4254658]
[2.6942742]
[0.6931472]
[3.393646]
[3.5769763]
[0.6931472]
[3.3667893]
[3.4761722]
[0.688742]
[0.46450114]
[0.65468735]
[1.2232481]
[1.6530385]
[1.8973274]
[1.4691]
[0.4848208]
[0.2465985]
[0.22763005]
[3.233859]
[1.0890152]
[0.4397965]
[3.6296792]
[3.5640683]
[3.1672242]
[0.623625]
[0.7257613]
[0.69306815]
[1.8362088]
[1.5985756]
[0.51708025]
[2.6124263]
[1.1997783]
[1.8878841]
[0.69552755]
[0.84965974]
[0.29141295]
[0.18828453]
[0.9190303]
[0.69314706]
[0.120021686]
[0.06058624]
[0.6931472]
[1.138683]
[1.3857341]
[0.08574511]
[0.05649455]
[0.047768608]
[0.69743615]
[2.4311292]
[2.4308617]
[1.8022279]
[2.8834856]
[0.4791077]
[0.9975808]
[2.236374]
[2.8918092]
[0.92032087]
[2.1283786]
[1.3707988]
[3.464813]
[3.4883575]
[0.93973565]
[0.91114616]
[1.7604524]
[0.06967719]
[0.44223636]
[0.08932359]
[0.16032729]
[0.15006174]
[0.5138205]
[0.7238784]
[0.72721046]
[0.3290335]
[0.7290426]
[0.7715451]
[0.31869295]
[0.07422348]
[0.120992206]
[0.5918179]
[1.0087061]
[0.094461374]
[2.3976853]
[0.6875435]
[0.6470963]
[1.3759799]
[2.943414]
[0.53008443]
[0.6931479]
[0.693149]
[0.6947588]
[0.68760526]
[1.8086387]
[0.6527254]
[3.0584145]
[0.41380668]
[0.6891112]
[1.3134365]
[1.3706932]
[0.7163368]
[1.2022363]
[0.04035218]
[1.4098041]
[0.14706653]
[0.047447927]
[0.2135587]
[0.6931323]
[0.22001502]
[0.06894765]
[0.1259388]
[0.3186587]
[0.2826658]
[0.046042144]
[0.10488375]
[0.6931472]
[1.857083]
[0.6931472]
[1.2546546]
[0.70048]
[0.72792745]
[0.81887996]
[0.6943315]
[1.0681281]
[0.6936449]
[0.70575625]
[0.6931473]
[0.68674994]
[1.0280554]
[0.6974573]
[0.64960307]
[0.77311015]
[0.09435768]
[0.6931672]
[2.3339818]
[0.585504]
[0.8746497]
[1.6993748]
[0.078742556]
[0.10829766]
[0.13030134]
[0.11296553]
[0.19534819]
[0.26697615]
[0.6822526]
[0.031235998]
[0.69314706]
[0.025487198]
[0.85543996]
[0.8532435]
[0.2622819]
[3.5121424]
[2.484908]
[0.4505216]
[0.4616167]
[3.1962624]
[0.6654456]
[0.90156054]
[1.633655]
[0.9306891]
[1.5669265]
[2.8723962]
[1.8321601]
[2.3634431]
[2.077035]
[1.5177797]
[2.6974282]
[2.1353703]
[3.3511028]
[1.6361638]
[2.757058]
[0.1502297]
[0.6908274]
[0.02203508]
[0.70776254]
[0.47027498]
[0.5144086]
[0.69314575]
[0.7696047]
[0.6930752]
[0.59658194]
[0.78775847]
[0.91272116]
[0.36574274]
[0.6841801]
[0.1542849]
[0.08359159]
[2.7123165]
[0.09736346]
[0.42754215]
[0.32881483]
[0.8084533]
[0.5975776]
[0.6425697]
[3.5043921]
[1.3717145]
[2.871545]
[0.6931491]
[3.335138]
[0.6884846]
[0.8584386]
[0.8265139]
[2.5740514]
[0.831594]
[0.3333541]
[0.29851916]
[0.33208922]
[0.1703058]
[2.0524504]
[1.9438128]
[0.67381465]
[0.32196817]
[0.7507369]
[1.1696308]
[0.024021627]
[0.022003822]
[0.026873175]
[0.02289972]
[0.55639696]
[0.74892056]
[0.17235851]
[0.12065584]
[0.42498067]
[0.6931746]
[0.6903882]
[0.6931473]
[0.6931472]
[0.6931472]
[0.6931472]
[0.6931472]
[0.6931472]
[0.6931472]
[0.6931472]
[0.69315195]
[0.6933729]
[0.4797301]
[0.6929275]
[0.6568305]
[0.6931472]
[2.1514773]
[0.3869512]
[0.75773907]
[3.5466228]
[0.76605856]
[0.7601197]
[0.7034873]
[0.69406134]
[0.69315934]
[0.6931472]
[0.6931472]
[0.6931472]
[0.6931472]
[0.6931472]
[0.6931473]
[0.6931467]
[0.69314706]
[0.89627874]
[1.6537557]
[2.5956979]
[0.7090957]
[0.8381312]
[0.6931472]
[0.08285119]
[1.7839175]
[0.19849834]
[0.03369948]
[0.4141487]
[0.6978551]
[0.06523539]
[0.63932335]
[0.6501223]
[0.6931472]
[0.69314706]
[0.6931472]
[0.6931472]
[0.6931472]
[0.6931472]
[0.6931472]
[0.6931472]
[0.6931472]
[0.69299316]
[0.6913707]
[0.49323258]
[0.2710382]
[0.7388155]
[0.022371057]
[0.04893293]
[0.8459021]
[0.69477415]
[2.0303566]
[0.19686164]
[2.1834087]
[0.08151324]
[0.080993906]
[0.706988]
[0.17761157]
[0.4395076]
[0.2572242]
[0.64766085]
[0.98181003]
[3.6743844]
[0.69320476]
[1.142707]
[0.68479675]
[0.6935305]
[0.6931472]
[0.6931999]
[0.6931472]
[0.6931472]
[0.6931472]
[0.6931472]
[0.6931472]
[0.6931472]
[0.6931472]
[0.6931472]
[0.6950653]
[0.8603792]
[0.6949271]
[1.2712251]
[0.35392222]
[1.9218562]
[0.0621873]
[0.07478151]
[0.18461947]
[0.642065]
[0.78154767]
[0.4441365]
[0.6931461]
[0.6931472]
[0.69052875]
[0.6929815]
[0.6931468]
[0.6931472]
[0.6931472]
[0.6931472]
[0.6931472]
[0.6931472]
[0.69314706]
[0.69314885]
[0.6903342]
[0.693161]
[0.6923313]
[0.07533651]
[1.1468742]
[0.06635482]
[0.14131841]
[2.7430685]
[1.3603536]
[0.6564958]
[3.5974278]
[1.0514245]
[1.1100132]
[0.6917953]
[0.70227385]
[0.6931523]
[0.6931472]
[0.6931472]
[0.6931472]
[0.6931472]
[0.6931472]
[0.6931472]
[0.6931486]
[0.69316125]
[0.69308865]
[0.6931608]
[1.7251737]
[1.0707364]
[3.3604438]
[0.100882225]
[0.6930013]
[1.946091]
[0.58238596]
[0.51965463]
[0.88895553]
[0.2446302]
[0.13125464]
[0.21580881]
[0.59538406]
[0.69314706]
[0.69314873]
[0.6931466]
[0.6931472]
[0.6931472]
[0.6931472]
[0.6931472]
[0.6931472]
[0.6931397]
[0.69318736]
[0.66702265]
[0.38027123]
[0.28747323]
[0.70192647]
[0.40745753]
[0.749686]
[0.6931472]
[0.6942554]
[1.539071]
[3.562649]
[0.66091996]
[0.6937063]
[1.3342938]
[0.69015783]
[0.69305396]
[0.69368607]
[0.69314766]
[0.6931472]
[0.6931472]
[0.6931472]
[0.6931472]
[0.6931472]
[0.6931474]
[0.6931262]
[0.69101775]
[0.68300074]
[2.9809787]
[0.8335826]
[0.046090767]
[0.1006768]
[0.4646964]
[2.4024506]
[0.38843548]
[0.6891488]
[2.516204]
[0.6923281]
[0.73028827]
[0.69809735]
[0.69316673]
[0.6931472]
[0.6931472]
[0.6931486]
[0.69314694]
[0.6931472]
[0.7048959]
[0.6931472]
[0.677753]
[0.54653966]
[0.73765]
[2.095124]
[0.62654555]
[0.4821576]
[0.7091533]
[0.68105304]
[0.6558419]
[0.6931472]
[0.69314694]
[0.6931412]
[0.6929127]
[0.692953]
[0.6931479]
[0.693094]
[0.69304264]
[0.6919631]
[0.6870378]
[0.6738278]
[0.6427955]
[0.6930882]
[0.04953144]
[1.9134203]
[0.5608833]
[0.15284218]
[0.4626141]
[0.6929563]
[3.4526813]
[2.6673253]
[0.71463203]
[0.6948894]
[0.6932391]
[0.69314754]
[0.6931472]
[0.6931472]
[0.6931472]
[0.6931486]
[0.6931472]
[0.7009452]
[0.7779229]
[0.6730298]
[2.2334154]
[1.6724962]
[0.27359194]
[0.6931298]
[1.4870676]
[0.025596283]
[0.21884301]
[0.06835445]
[0.59023684]
[0.6915471]
[0.6931468]
[0.6931472]
[0.6931472]
[0.6931472]
[0.6931472]
[0.6931472]
[0.6931472]
[0.6931472]
[0.6918065]
[0.69506437]
[0.7322773]
[0.041967515]
[0.10276145]
[0.22098126]
[1.8907514]
[2.4488242]
[0.7016298]
[2.9227338]
[1.1117986]
[0.4736248]
[0.6672255]
[0.6932006]
[0.96746874]
[0.6928609]
[0.6931472]
[0.6931572]
[0.6931472]
[0.6931472]
[0.6931472]
[0.6931472]
[0.6931472]
[0.6931472]
[0.6931472]
[0.6931472]
[0.6928738]
[0.78630316]
[1.308052]
[0.84376305]
[0.4044695]
[1.3770814]
[3.2451425]
[0.51514304]
[0.15131474]
[0.66133595]
[1.8336157]
[0.6931472]
[0.6117526]
[0.7204928]
[0.036185298]
[0.49852407]
[0.83544916]
[0.09932857]
[0.05384714]
[0.35266507]
[0.67433673]
[0.6931472]
[0.69314694]
[0.6931472]
[0.6931472]
[0.6931472]
[0.6931472]
[0.6931472]
[0.6931472]
[0.6931472]
[0.6931472]
[0.6931472]
[0.6927815]
[0.6931472]
[0.682956]
[0.68669534]
[0.6825989]
[0.6931304]
[0.69314706]
[0.6931462]
[0.6931472]
[0.6931472]
[0.6931472]
[0.6931472]
[0.6931472]
[0.6931472]
[0.6931472]
[0.6931472]
[0.6931472]
[0.6931472]
[0.6931472]
[0.6931422]
[0.6931875]
[0.6796761]
[0.68952405]
[0.43599707]
[0.704063]
[0.2705708]
[0.6187788]
[0.69313204]
[0.39911497]
[0.40769014]
[0.6882066]
[0.6931406]
[0.6931468]
[0.6931472]
[0.6931472]
[0.6931472]
[0.6931472]
[0.6931472]
[0.6931472]
[0.6931472]
[0.6931472]
[0.6931472]
[0.6931462]
[0.69312453]
[0.69331884]
[0.69384897]
[0.49531525]
[0.5671565]
[0.4388209]
[0.063036405]
[0.057933427]
[0.07997484]
[0.20369133]
[0.55018747]
[0.6813552]
[0.6928764]
[0.69307697]
[0.69314706]
[0.6931472]
[0.6931472]
[0.6931472]
[0.6931472]
[0.6931472]
[0.6931472]
[2.2797916]
[0.93486524]
[2.912441]
[3.5867994]
[0.8435126]
[0.6931201]
[0.6927529]
[1.8632762]
[2.9292197]
[3.4756606]
[1.2787287]
[0.6931801]
[1.6614784]
[2.867922]
[0.1927533]
[0.7124844]
[0.26672792]
[0.048355166]
[0.025062036]
[0.5264637]
[0.09983934]
[0.15655898]
[0.69310105]
[0.7110522]
[0.12607381]
[0.7302869]
[0.18672717]
[0.63358235]
[0.6450268]
[0.48356527]
[0.63974273]
[1.2395266]
[2.9650173]
[0.6601336]
[0.98123574]
[0.7344624]
[0.6222467]
[2.4382217]
[0.6931486]
[0.6929045]
[2.069228]
[1.689996]
[2.199716]
[1.2008009]
[0.6934042]
[0.86404914]
[1.20799]
[0.24285877]
[0.8690978]
[0.8410294]
[1.1567682]
[0.3403576]
[0.076210104]
[0.8545961]
[0.024983075]
[0.6903434]
[0.69314694]
[0.41161233]
[0.7490249]
[0.1906862]
[0.733923]
[0.38772225]
[0.5610479]
[1.0184165]
[1.6683886]
[0.111878514]
[1.6304264]
[3.47708]
[0.6881678]
[3.2576926]
[0.69408834]
[2.4487648]
[0.6566054]
[1.2360715]
[3.2029204]
[0.6931472]
[0.71268106]
[3.3614926]
[3.5790257]
[1.047289]
[0.26063842]
[0.54053676]
[0.043675683]
[0.051943146]
[0.48342925]
[0.029221581]
[0.10882566]
[0.40406132]
[0.59232426]
[0.70390993]
[0.50138056]
[0.11850205]
[0.1252442]
[0.97501695]
[0.7726528]
[0.68688226]
[0.087753676]
[0.96895814]
[0.6931182]
[1.2984829]
[1.7621276]
[0.59611547]
[0.67713666]
[1.5195158]
[0.69334453]
[1.8204246]
[1.0957279]
[2.2673779]
[2.5403109]
[1.2529773]
[0.6790815]
[0.31693497]
[0.67272604]
[0.7927586]
[0.69831806]
[0.6930827]
[1.261418]
[0.28005758]
[0.27961206]
[0.26469898]
[0.69022834]
[0.47550523]
[0.6816952]
[0.54371476]
[0.6930928]
[0.7583839]
[0.043145508]
[1.2712669]
[0.032928813]
[0.6474283]
[0.5113162]
[2.4439776]
[0.7012808]
[1.7293555]
[1.8118894]
[0.6932179]
[0.69479424]
[0.7737629]
[1.4952223]
[0.6875473]
[0.7449699]
[2.7790382]
[0.6676524]
[0.69014764]
[0.7575764]
[2.4623733]
[0.5735916]
[1.7867886]
[2.4055173]
[0.2268188]
[0.7149149]
[0.6926023]
[0.5330477]
[1.0543373]
[0.05769806]
[0.836643]
[0.7976551]
[0.12441089]
[1.1108419]
[0.0227641]
[0.09605964]
[0.69309556]
[1.5363444]
[0.034161016]
[0.73457944]
[2.2190204]
[2.9878218]
[0.6768529]
[3.6069345]
[1.1398504]
[0.50445104]
[1.6601912]
[3.278343]
[0.6933105]
[0.7542649]
[2.1838403]
[1.5628846]
[0.69219196]
[0.43596748]
[0.97319263]
[0.26853853]
[0.57255]
[0.053403087]
[1.2734271]
[0.35303015]
[0.7186597]
[0.33897865]
[0.0575582]
[0.03635786]
[0.034820676]
[1.1632385]
[1.6109616]
[0.02988554]
[1.9786911]
[0.27695942]
[1.0298352]
[3.2411442]
[0.33093196]
[2.6747055]
[0.6931553]
[0.103521116]
[0.08705044]
[0.037234794]
[0.1690519]
[0.1402022]
[0.6926191]
[0.69255215]
[0.6931459]
[0.6931472]
[0.6931472]
[0.6931472]
[0.6931472]
[0.69314706]
[0.69298685]
[0.6874308]
[0.69314694]
[0.4564779]
[0.025331477]
[0.85401464]
[1.9061772]
[3.0863674]
[0.25386322]
[0.48285604]
[0.6931367]
[0.6931472]
[2.389967]
[0.79476434]
[0.7003635]
[0.69317675]
[0.6931472]
[0.6931472]
[0.6931472]
[0.6931472]
[0.6931472]
[0.6931472]
[0.69315124]
[0.6930951]
[0.6930864]
[1.9633532]
[0.48858473]
[2.7574227]
[2.526014]
[0.23644711]
[0.692065]
[0.69314694]
[0.054776765]
[0.0890772]
[0.41157815]
[0.6936079]
[0.6927141]
[0.69313836]
[0.6931472]
[0.6931472]
[0.6931472]
[0.6931472]
[0.6931472]
[0.6931472]
[0.6931472]
[0.6931472]
[0.6931213]
[0.6930157]
[0.6761886]
[0.68964094]
[0.69132686]
[0.6573349]
[0.6785904]
[0.6832822]
[0.6755811]
[0.69316673]
[0.69300246]
[0.69314706]
[0.6931472]
[0.6931472]
[0.6931472]
[0.6931472]
[0.6931472]
[0.6931472]
[0.6931472]
[0.6931472]
[0.6931459]
[0.6931455]
[0.69239837]
[0.6931472]
[0.43904647]
[0.30061805]
[0.5894223]
[0.6574256]
[0.43777937]
[0.040467557]
[0.7080474]
[0.7298409]
[0.7403503]
[0.39214054]
[0.5931922]
[0.69805914]
[0.6988754]
[0.69313884]
[0.69300795]
[0.69314706]
[0.6931472]
[0.6931472]
[0.6931472]
[0.6931472]
[0.6931472]
[0.6931472]
[0.6931472]
[0.6931472]
[0.6931472]
[0.6931466]
[0.6931472]
[0.6930891]
[0.6927708]
[0.6838069]
[0.6910537]
[0.6920488]
[0.69312465]
[0.6931472]
[0.6931472]
[0.6931472]
[0.6931472]
[0.6931472]
[0.6931472]
[0.6931472]
[0.6931472]
[0.6931472]
[0.6931472]
[0.6931472]
[0.6931462]
[0.69315434]
[0.69115025]
[0.67570335]
[0.6441213]
[0.66460776]
[0.6645308]
[0.69151735]
[0.69314003]
[0.69314694]
[0.6931472]
[0.6931472]
[0.6931472]
[0.6931472]
[0.6931472]
[0.6931472]
[0.6931472]
[0.6931472]
[0.6931472]
[0.6931472]
[0.6931431]
[0.6931472]
[0.6922625]
[0.6928056]
[0.66954553]
[0.6435441]
[0.6222886]
[0.6931298]
[0.6858301]
[0.6863197]
[0.6924312]
[0.6931472]
[0.6931472]
[0.6931472]
[0.6931472]
[0.6931472]
[0.6931472]
[0.6931472]
[0.6931472]
[0.6931472]
[0.6931472]
[0.69314635]
[0.69313836]
[0.6931472]
[0.69776064]
[0.6087089]
[0.6931459]
[0.049056433]
[0.6924565]
[0.6397884]
[0.6660006]
[0.33324888]
[0.52207017]
[0.6931472]
[0.6930047]
[0.69314575]
[0.6931472]
[0.6931472]
[0.6931472]
[0.6931472]
[0.6931472]
[0.6931472]
[0.6931472]
[0.6931472]
[0.6931472]
[0.6931472]
[0.69315815]
[0.6945057]
[0.47208893]
[0.3416923]
[0.68820435]
[0.5726513]
[0.29278618]
[0.6931472]
[0.907853]
[3.2674274]
[0.64148176]
[0.54196864]
[3.5552633]
[3.0605538]
[2.322242]
[3.3446739]
[2.2298493]
[0.71780384]
[3.2776291]
[0.62524885]
[3.4310918]
[2.8322072]
[0.84853274]
[0.10780838]
[2.1449153]
[0.6931472]
[0.033797443]
[0.023701878]
[0.04342292]
[0.39702964]
[0.28774795]
[0.52801]
[0.54365945]
[0.64446187]
[0.56812286]
[0.45130995]
[0.6819992]
[0.19207674]
[0.081989236]
[0.7281587]
[0.06518297]
[2.2850761]
[0.6497963]
[0.2191965]
[0.6933068]
[0.7441852]
[1.2707927]
[0.6931474]
[0.693128]
[0.6935305]
[0.6931472]
[0.6931472]
[0.6931474]
[0.69318485]
[0.69635034]
[0.71759784]
[0.6931472]
[0.6973934]
[1.3140818]
[1.3154947]
[0.8338704]
[0.42660442]
[1.3414506]
[0.50541514]
[0.9192618]
[0.027157009]
[0.6931472]
[0.5551206]
[0.6926819]
[0.6931472]
[0.6931472]
[0.6931472]
[0.6931472]
[0.6931472]
[0.6931472]
[0.6931472]
[0.6931472]
[0.6931472]
[0.69249475]
[0.69273585]
[0.58780336]
[0.61272126]
[0.5665424]
[0.40850973]
[0.38863865]
[0.044132754]
[0.05525009]
[0.6931472]
[0.41278312]
[0.6931374]
[0.69314635]
[0.69314706]
[0.6931472]
[0.6931472]
[0.6931472]
[0.6931472]
[0.6931472]
[0.6931472]
[0.6931472]
[0.6931472]
[0.6931472]
[0.6931472]
[0.6931472]
[0.6931468]
[0.6931472]
[0.6931472]
[0.6931428]
[0.6931467]
[0.69314706]
[0.6931472]
[0.6931472]
[0.6931472]
[0.6931472]
[0.6931472]
[0.6931472]
[0.6931472]
[0.6931472]
[0.6931472]
[0.6931472]
[0.6931472]
[0.6931472]
[0.6931472]
[0.69314504]
[0.6931472]
[0.6931472]
[0.69314706]
[0.6931472]
[0.6931472]
[0.6931472]
[0.6931472]
[0.6931472]
[0.6931472]
[0.6931472]
[0.6931472]
[0.6931472]
[0.6931472]
[0.6931472]
[0.6931472]
[0.6931472]
[0.69314706]
[0.6931466]
[0.6931472]
[0.6931472]
[0.6931472]
[0.6931472]
[0.6931472]
[0.6931472]
[0.6931472]
[0.6931472]
[0.6931472]
[0.6931472]
[0.6931472]
[0.6931472]
[0.6931472]
[0.6931472]
[0.6931472]
[0.6931472]
[0.6931461]
[0.6931517]
[0.6931225]
[0.6930063]
[0.693138]
[0.6931472]
[0.6931472]
[0.6931472]
[0.6931472]
[0.6931472]
[0.6931472]
[0.6931472]
[0.6931472]
[0.6931472]
[0.6931472]
[0.6931472]
[0.6931472]
[0.6931472]
[0.69314563]
[0.6931472]
[0.6931459]
[0.6931468]
[0.6931472]
[0.6931472]
[0.6931472]
[0.6931472]
[0.6931472]
[0.6931472]
[0.6931472]
[0.6931472]
[0.6931472]
[0.6931472]
[0.6931472]
[0.6931472]
[0.6931472]
[0.69314957]
[0.6930865]
[0.69234484]
[0.6911943]
[0.69310474]
[0.6930834]
[0.6931472]
[0.6931472]
[0.6931472]
[0.6931472]
[0.6931472]
[0.6931472]
[0.6931472]
[0.6931472]
[0.6931472]
[0.34492669]
[0.6929984]
[0.90655017]
[1.0183878]
[0.10171172]
[3.3615084]
[3.0666332]
[1.954031]
[1.3860102]
[1.1092572]
[0.7385385]
[0.6934154]
[0.69314766]
[0.6931472]
[0.6931472]
[0.6931472]
[0.6931472]
[0.6931472]
[0.6931472]
[0.6931472]
[0.6931472]
[0.6931472]
[0.6931348]
[0.70175934]
[0.69267416]
[0.78478867]
[1.2611283]
[0.62339336]
[0.7113693]
[3.5887465]
[2.9200888]
[0.52781564]
[3.4232013]
[0.6921563]
[1.3455558]
[0.78705305]
[0.69013655]
[0.7689825]
[0.69314694]
[0.69312453]
[0.6931524]
[0.6931472]
[0.6931472]
[0.6931472]
[0.6931472]
[0.6931472]
[0.6931472]
[0.6931472]
[0.6931472]
[0.69314706]
[0.6936258]
[0.69231665]
[0.834672]
[0.83250296]
[0.87038946]
[0.6931546]
[0.96718585]
[0.6931472]
[0.69314766]
[0.6928647]
[0.6922311]
[0.6937626]
[0.69315076]
[0.6931472]
[0.6931472]
[0.6931472]
[0.6931472]
[0.6931472]
[0.6931472]
[0.6931472]
[0.6931472]
[0.6931472]
[0.6932256]
[0.6933]
[0.707232]
[0.6745976]
[1.174756]
[2.5419645]
[0.5498934]
[0.69262505]
[1.2924831]
[0.14314306]
[1.0138309]
[0.75271523]
[0.69651085]
[0.85336363]
[0.47070187]
[1.9352221]
[1.111528]
[1.0054033]
[0.7016449]
[0.69330716]
[0.6931472]
[0.6931472]
[0.6931472]
[0.6931472]
[0.6931472]
[0.6931472]
[0.6931472]
[0.6931472]
[0.6931472]
[0.6931399]
[0.70210344]
[0.8259555]
[0.596025]
[0.3831484]
[0.5688061]
[1.0615838]
[0.47141433]
[0.76337296]
[0.40096268]
[0.6973358]
[0.7994334]
[0.026089579]
[0.211071]
[0.69086933]
[0.6931472]
[0.6931472]
[0.6931472]
[0.6931472]
[0.6931472]
[0.6931472]
[0.6931472]
[0.6931472]
[0.6931472]
[0.6931472]
[0.6931472]
[0.6931472]
[0.6931472]
[0.6931472]
[0.6931472]
[0.6931472]
[0.6931472]
[0.6931472]
[0.6931472]
[0.6931472]
[0.6931472]
[0.6931472]
[0.6931472]
[0.6931472]
[0.6931472]
[0.6931472]
[0.6931472]
[0.6931503]
[0.68678254]
[0.6558219]
[0.6931462]
[0.4493966]
[0.59104675]
[0.56254923]
[0.6546965]
[0.6909985]
[0.6930437]
[0.6931472]
[0.6931472]
[0.6931472]
[0.6931472]
[0.6931472]
[0.6931472]
[0.6931472]
[0.6931472]
[0.6931472]
[0.6931472]
[0.6931472]
[0.6931472]
[0.6931472]
[0.6931472]
[0.6931472]
[0.6931472]
[0.6931472]
[0.6931472]
[0.6931472]
[0.6931472]
[0.6931472]
[0.6931472]
[0.6931472]
[0.6931472]
[0.6931472]
[0.6931472]
[0.6931472]
[0.69314706]
[0.69314206]
[0.6931468]
[0.6931472]
[0.69308686]
[0.69314706]
[0.6931094]
[0.6931472]
[0.6931453]
[0.6931472]
[0.6931472]
[0.6931472]
[0.6931472]
[0.6931472]
[0.6931472]
[0.6931472]
[0.6931472]
[0.6931472]
[0.6931472]
[0.6931472]
[2.126513]
[0.02475002]
[0.69314694]
[0.14850555]
[0.21469173]
[0.69282323]
[0.6931472]
[0.69314694]
[0.6931472]
[0.6931472]
[0.6931472]
[0.6931472]
[0.6931472]
[0.6931472]
[0.6931472]
[0.6931472]
[0.6931472]
[0.6931472]
[0.6931472]
[0.6930572]
[0.6930866]
[0.69314706]
[0.6931472]
[0.6931472]
[0.6931472]
[0.6931472]
[0.6931472]
[0.6931472]
[0.6931472]
[0.6931472]
[0.6931472]
[0.6931472]
[0.6931472]
[0.6931472]
[0.6931472]
[0.6931472]
[0.6931472]
[0.6931472]
[0.6931472]
[0.6931472]
[0.6931472]
[0.6931472]
[0.6931472]
[0.6931472]
[0.6931472]
[0.6931472]
[0.6931472]
[0.6931472]
[0.6931472]
[0.6931472]
[0.6931472]
[0.6931472]
[0.6931468]
[0.69314706]
[0.6931472]
[0.6931472]
[0.6931472]
[0.6931472]
[0.6931472]
[0.6931472]
[0.6931472]
[0.6931472]
[0.6931472]
[0.6931472]
[0.6931472]
[0.6931472]
[0.6931472]
[0.6931472]
[0.6931472]
[0.69311917]
[0.6931348]
[0.69313025]
[0.6931472]
[0.6931472]
[0.6931472]
[0.6931472]
[0.6931472]
[0.6931472]
[0.6931472]
[0.6931472]
[0.6931472]
[0.6931472]
[0.6931472]
[0.6931472]
[0.6931472]
[0.6931472]
[0.69314694]
[0.6931455]
[0.6931418]
[0.6931472]
[0.6931472]
[0.6931472]
[0.6931472]
[0.6931472]
[0.6931472]
[0.6931472]
[0.6931472]
[0.6931472]
[0.6931472]
[0.6931472]
[0.6931472]
[0.6931472]
[0.6931472]
[0.6931472]
[0.6931472]
[0.6931472]
[0.6931472]
[0.6931472]
[0.6931472]
[0.6931472]
[0.6931472]
[0.6931472]
[0.6931472]
[0.6931472]
[0.6931472]
[0.6931472]
[0.6931472]
[0.6931472]
[0.6931472]
[0.6931472]
[0.6931472]
[0.6931472]
[0.6931472]
[0.6931455]
[0.6931472]
[0.6931472]
[0.6931472]
[0.6931472]
[0.6931472]
[0.6931472]
[0.6931472]
[0.6931472]
[0.6931472]
[0.6931472]
[0.6931472]
[0.6931472]
[0.6931472]
[0.6931472]
[0.6931472]
[0.69314706]
[0.69314706]
[0.6931472]
[0.6931472]
[0.6931472]
[0.6931472]
[0.6931472]
[0.6931472]
[0.6931472]
[0.6931472]
[0.6931472]
[0.6931472]
[0.6931472]
[0.6931472]
[0.69314706]
[0.6931442]
[0.693136]
[0.6931224]
[0.6931472]
[0.6931472]
[0.6931472]
[0.6931472]
[0.6931472]
[0.6931472]
[0.6931472]
[0.6931472]
[0.6931472]
[0.6931472]
[0.6931472]
[0.6931472]
[0.6931472]
[0.6931472]
[0.6931472]
[0.6931472]
[0.6931472]
[0.69314945]
[0.6927036]
[0.69314957]
[0.6931472]
[0.6931472]
[0.6931472]
[0.6931472]
[0.6931472]
[0.6931472]
[0.6931472]
[0.6931472]
[0.6931472]
[0.6931472]
[0.6931472]
[0.6931472]
[0.6931472]
[0.6931472]
[0.6931472]
[0.6931472]
[0.6931472]
[0.6931472]
[0.6931472]
[0.6931472]
[0.6931472]
[0.6931472]
[0.6931472]
[0.12721233]
[2.382253]
[0.86073965]
[1.3856304]
[2.011806]
[0.68726104]
[0.9193538]
[0.68486303]
[1.2537997]
[1.1922584]
[1.4786245]
[0.69220465]
[2.9041934]
[0.6931472]
[0.46850634]
[2.5889869]
[0.19414291]
[0.61195254]
[1.1924449]
[0.116685264]
[0.16589703]
[0.31648287]
[0.08346666]
[0.71532947]
[0.7376277]
[0.6929631]
[0.41022155]
[0.44304848]
[0.27219713]
[0.6931472]
[0.13077064]
[0.09871108]
[1.1586744]
[0.043453045]
[0.41208652]
[0.66351944]
[1.9210497]
[3.210982]
[3.0883486]
[0.8523322]
[1.2505927]
[0.9064685]
[1.1264489]
[0.8232972]
[0.6933179]
[0.69084054]
[0.95857847]
[0.6931474]
[1.8214409]
[0.99084187]
[3.2861452]
[3.5437632]
[0.5699367]
[1.9943416]
[0.9625551]
[0.07875326]
[0.052590076]
[0.4772524]
[0.07107618]
[0.6609556]
[0.6931472]
[0.69220704]
[0.6931472]
[0.693015]
[0.6931472]
[0.6932032]
[0.67527014]
[0.6170614]
[0.692754]
[0.11650376]
[0.6913679]
[0.67875457]
[0.02523709]
[0.08494964]
[0.73049253]
[0.38389447]
[2.5611696]
[0.38738766]
[0.4870559]
[0.94585055]
[0.6942338]
[0.6950268]
[0.6931516]
[0.6931472]
[0.6931472]
[0.6931472]
[0.6931472]
[0.6931472]
[0.6931472]
[0.69314694]
[0.69316745]
[0.71597093]
[0.9011992]
[0.6772044]
[0.70245945]
[0.07926369]
[1.1909964]
[0.69261765]
[0.061017342]
[0.69314694]
[0.68885934]
[0.2470284]
[0.688974]
[0.6931455]
[0.6931472]
[0.6931472]
[0.6931472]
[0.6931472]
[0.6931472]
[0.6931472]
[0.6931472]
[0.6931472]
[0.6931472]
[0.6931472]
[0.6931472]
[0.6931472]
[0.6931472]
[0.6931472]
[0.6931472]
[0.6931472]
[0.6931472]
[0.6931472]
[0.6931472]
[0.6931472]
[0.6931472]
[0.6931472]
[0.6931472]
[0.6931472]
[0.6931472]
[0.6931472]
[0.6931472]
[0.6931472]
[0.6931472]
[0.6931472]
[0.6931472]
[0.6931472]
[0.6931472]
[0.6931472]
[0.6931472]
[0.6931472]
[0.6931472]
[0.6931472]
[0.6931472]
[0.6931472]
[0.6931472]
[0.6931472]
[0.6931472]
[0.6931472]
[0.6931472]
[0.69314694]
[0.6931472]
[0.6931472]
[0.6931472]
[0.6931472]
[0.6931472]
[0.6931472]
[0.6931472]
[0.6931472]
[0.6931472]
[0.6931472]
[0.6931472]
[0.6931472]
[0.6931472]
[0.6931472]
[0.6931472]
[0.69314706]
[0.6931461]
[0.6931472]
[0.6931472]
[0.6931472]
[0.6931472]
[0.6931472]
[0.6931472]
[0.6931472]
[0.6931472]
[0.6931472]
[0.6931472]
[0.6931472]
[0.6931472]
[0.6931472]
[0.6931472]
[0.6931461]
[0.6931472]
[0.6931472]
[0.6931472]
[0.69313955]
[0.6931472]
[0.6931472]
[0.6931472]
[0.6931472]
[0.6931472]
[0.6931472]
[0.6931472]
[0.6931472]
[0.6931472]
[0.6931472]
[0.6931472]
[0.6931472]
[0.6931472]
[0.6931472]
[0.049793463]
[0.043400757]
[0.16999342]
[0.3005724]
[0.661689]
[0.3540074]
[0.11856896]
[0.0404418]
[0.037132535]
[0.33842927]
[1.081341]
[1.1965932]
[2.3797984]
[0.36720797]
[0.66006386]
[0.6931225]
[0.8785184]
[2.5449572]
[0.8731907]
[2.884653]
[2.1329966]
[0.6931472]
[0.46751335]
[0.5037327]
[3.5180638]
[0.272786]
[0.9048243]
[1.2335129]
[0.57806224]
[2.566019]
[1.1635181]
[0.57830524]
[1.1777517]
[2.300867]
[2.1869185]
[1.7050607]
[0.05812526]
[0.07993016]
[0.6931472]
[0.3605308]
[0.44324195]
[0.33784434]
[0.36092383]
[1.180442]
[0.12555759]
[0.07313497]
[0.7677551]
[1.0612005]
[1.9301226]
[1.3264331]
[1.507815]
[3.661928]
[3.4073102]
[0.71955913]
[3.1463358]
[0.64377683]
[1.422777]
[0.62534165]
[2.1821198]
[3.4622877]
[0.62745774]
[0.86291605]
[0.05730569]
[0.6816178]
[0.08344444]
[0.692597]
[1.1296542]
[0.038307875]
[0.24243917]
[0.87363523]
[1.1742392]
[0.029036561]
[0.049670618]
[0.12810536]
[0.6931472]
[0.68454623]
[0.07788904]
[0.12446921]
[0.90658325]
[1.7004395]
[3.092481]
[0.37881505]
[0.60882175]
[1.8825773]
[0.6931472]
[2.765128]
[0.692596]
[0.87193805]
[2.022462]
[3.174312]
[0.6436871]
[0.69071674]
[0.19398521]
[0.120426014]
[0.8971075]
[0.7793414]
[1.3182876]
[0.797115]
[0.6460626]
[0.79666007]
[0.03924932]
[0.17493303]
[0.46501285]
[0.77734387]
[0.06612842]
[0.12267674]
[0.070612825]
[0.1649136]
[0.69314694]
[0.69314516]
[0.14038895]
[1.9711294]
[0.054853328]
[0.8502346]
[3.4953678]
[3.5542562]
[0.6864647]
[0.6933338]
[1.0214986]
[0.960034]
[0.71681]
[0.85696685]
[0.8747821]
[0.81199753]
[0.69680333]
[0.89229995]
[0.6931472]
[0.6931472]
[1.8247217]
[0.925249]
[0.10606498]
[0.024742015]
[0.6930829]
[0.033538345]
[0.6769354]
[0.67491144]
[0.6926317]
[0.69312406]
[0.6931455]
[0.6931472]
[0.6931467]
[0.6931499]
[0.6905167]
[0.6644441]
[0.6923401]
[0.693141]
[0.45816743]
[0.22721034]
[0.06442123]
[1.2369592]
[1.3486078]
[1.6402988]
[0.49243808]
[1.5141712]
[1.9940658]
[0.8347728]
[0.6948107]
[0.6931493]
[0.6931472]
[0.6931472]
[0.6931472]
[0.6931472]
[0.6931472]
[0.6931472]
[0.6931534]
[0.6938136]
[0.6988584]
[0.685375]
[2.1554027]
[0.68467546]
[0.39984924]
[2.2623038]
[0.099098854]
[0.70177615]
[0.08442438]
[0.6931468]
[0.6931472]
[0.69023114]
[0.6881884]
[0.6931368]
[0.6931472]
[0.6931472]
[0.6931472]
[0.6931472]
[0.6931472]
[0.6931472]
[0.6931472]
[0.6931472]
[0.6931472]
[0.693135]
[0.6931472]
[0.69310176]
[0.6931367]
[0.69314694]
[0.6931472]
[0.6931472]
[0.6931472]
[0.6931472]
[0.6931472]
[0.6931472]
[2.9790146]
[3.0601306]
[1.0885196]
[0.66225183]
[1.107582]
[0.5359272]
[3.4310446]
[2.7270393]
[0.70678145]
[2.6626332]
[2.7764697]
[2.438042]
[0.5340236]
[2.801769]
[3.100864]
[0.14955008]
[0.118985444]
[0.6611168]
[0.10729705]
[0.6928986]
[0.045338996]
[0.43042886]
[0.40711492]
[0.6931472]
[0.693257]
[0.72127444]
[0.14286497]
[0.44188997]
[0.084996626]
[0.11028986]
[0.025705747]
[0.59082747]
[0.34576252]
[1.7961429]
[0.25441265]
[0.8721241]
[2.243481]
[0.69386977]
[0.9556902]
[0.8833736]
[0.72634715]
[0.69286793]
[0.7069566]
[0.70031595]
[0.70031595]
[0.6852643]
[1.2567862]
[0.6934946]
[0.69314706]
[0.21854408]
[0.92766297]
[2.0263515]
[0.6184813]
[0.16424465]
[0.19268912]
[0.7354488]
[0.35906738]
[0.69148415]
[0.6931472]
[0.6931472]
[0.6931467]
[0.6931279]
[0.6931472]
[0.69273144]
[0.6931472]
[0.6931461]
[0.40550762]
[0.14522368]
[0.27171844]
[0.6833176]
[0.73616344]
[2.1946714]
[0.43364155]
[0.12991941]
[0.63303035]
[1.6959909]
[0.63755816]
[0.7208628]
[0.8692615]
[0.69408417]
[0.6931977]
[0.6931472]
[0.6931472]
[0.6931472]
[0.6931472]
[0.6931472]
[0.6931472]
[0.6931472]
[0.6932279]
[0.716889]
[0.9023813]
[0.6917604]
[1.9307041]
[0.4107153]
[0.03649936]
[0.6931472]
[0.6931472]
[0.21080463]
[0.5798598]
[0.6931472]
[0.6931472]
[0.6931472]
[0.6931472]
[0.6931472]
[0.6931472]
[0.6931472]
[0.6931472]
[0.6931472]
[0.6931472]
[0.6931472]
[0.6931472]
[0.69314706]
[0.69314706]
[0.6931472]
[0.6931472]
[0.6931472]
[0.6931472]
[0.6931472]
[0.6931472]
[0.6931472]
[0.6931472]
[0.6931472]
[0.6931472]
[0.6931472]
[0.6931472]
[0.6931472]
[0.6931472]
[0.69314706]
[0.6931472]
[0.6931472]
[0.6931472]
[0.6931472]
[0.6931472]
[0.6931472]
[0.6931472]
[0.6931472]
[0.6931472]
[0.6931472]
[0.6931472]
[0.6931472]
[0.6931472]
[0.6931472]
[0.6931472]
[0.6931472]
[0.6931472]
[0.6931472]
[0.6931472]
[0.6931472]
[0.6931472]
[0.6931472]
[0.6931472]
[0.6931472]
[0.6931472]
[0.6931472]
[0.6931472]
[0.6931472]
[0.6931472]
[0.6931472]
[0.6931472]
[0.6931472]
[0.6931472]
[0.6931472]
[0.6931472]
[0.6931472]
[0.6931472]
[0.6931472]
[0.6931472]
[0.6931472]
[0.6931472]
[0.6931472]
[0.6931472]
[0.6931472]
[0.6931472]
[0.6931472]
[0.6931472]
[0.6931472]
[0.6931472]
[0.6931472]
[0.6931472]
[0.6931472]
[0.6931472]
[0.6931472]
[0.6931472]
[0.6931472]
[0.6931472]
[0.6931472]
[0.6931472]
[0.6931472]
[0.6931472]
[0.6931472]
[0.6931472]
[0.6931472]
[0.6931472]
[0.6931472]
[0.6931472]
[0.6931472]
[0.6931472]
[0.6931472]
[0.6931472]
[0.6931472]
[0.04556536]
[0.26422969]
[0.46480495]
[0.63606966]
[3.585821]
[0.3433239]
[2.422717]
[2.1880095]
[0.7165118]
[0.69270885]
[0.6934878]
[0.69314754]
[0.6931472]
[0.6931472]
[0.6931472]
[0.6931472]
[0.6931459]
[0.6931472]
[0.70394695]
[2.0038586]
[2.5673776]
[0.20825666]
[1.7825847]
[0.7032922]
[1.9162797]
[0.062608175]
[0.8357311]
[0.42024717]
[0.11345234]
[0.6931472]
[0.6905852]
[0.6931472]
[0.6931472]
[0.6931472]
[0.6931472]
[0.6931472]
[0.6931472]
[0.6931472]
[0.6931472]
[0.69314706]
[0.6931472]
[0.6931009]
[0.6931472]
[0.6931472]
[0.69123477]
[0.69301224]
[0.6931472]
[0.6931472]
[0.6931472]
[0.6931472]
[0.6931472]
[0.6931472]
[0.6931472]
[0.6931472]
[0.6931472]
[0.6931472]
[0.6931472]
[0.6931472]
[0.6931472]
[0.6931472]
[0.6931472]
[0.6931472]
[0.6931472]
[0.6931472]
[0.6931472]
[0.6931472]
[0.6931472]
[0.6931472]
[0.6931472]
[0.6931472]
[0.6931472]
[0.6931472]
[0.6931472]
[0.6931472]
[0.6931472]
[0.6931472]
[0.6931472]
[0.6931468]
[0.6931472]
[0.6931472]
[0.6931468]
[0.6931472]
[0.6931472]
[0.6931472]
[0.6931472]
[0.6931472]
[0.6931472]
[0.6931472]
[0.6931472]
[0.6931472]
[0.6931472]
[0.6931472]
[0.6931472]
[0.6931472]
[0.6931472]
[0.6931472]
[0.6931472]
[0.6931472]
[0.6931472]
[0.6931472]
[0.6931472]
[0.6931472]
[0.6931472]
[0.6931472]
[0.6931472]
[0.6931472]
[0.6931472]
[0.6931472]
[0.6931472]
[0.6931472]
[0.6931472]
[0.6931472]
[0.6931472]
[0.69314706]
[0.6931472]
[0.6931472]
[0.6931472]
[0.6931472]
[0.6931472]
[0.6931472]
[0.6931472]
[0.6931472]
[0.6931472]
[0.6931472]
[0.6931472]
[0.6931472]
[0.6931472]
[0.6931472]
[0.6931468]
[0.69314647]
[0.6931472]
[0.6931472]
[0.6931472]
[0.6931472]
[0.6931472]
[0.6931472]
[0.6931472]
[0.6931472]
[0.6931472]
[0.6931472]
[0.6931472]
[0.6931472]
[0.6931472]
[0.6931472]
[0.6931472]
[0.6931472]
[0.69314706]
[0.6931472]
[0.6931472]
[0.6931472]
[0.6931472]
[0.6931472]
[0.6931472]
[0.6931472]
[0.6931472]
[0.6931472]
[0.6931472]
[0.6931472]
[0.6931472]
[0.6931472]
[0.6931472]
[0.6931472]
[0.6931472]
[0.6931472]
[0.6931472]
[0.6931472]
[0.6931472]
[0.6931472]
[0.6931472]
[0.6931472]
[0.6931472]
[0.6931472]
[0.6931472]
[0.6931472]
[0.6931472]
[0.6931472]
[0.6931472]
[0.6931472]
[0.6931472]
[0.6931472]
[0.6931472]
[0.6931472]
[0.69314706]
[0.6931472]
[0.6931472]
[0.6931472]
[0.6931472]
[0.6931472]
[0.6931472]
[0.6931472]
[0.6931472]
[0.6931472]
[0.6931472]
[0.6931472]
[0.6931472]
[0.6931472]
[0.6931472]
[0.6931472]
[0.6931472]
[0.6931472]
[0.86528903]
[0.15941593]
[2.252372]
[1.399488]
[3.1377182]
[0.678037]
[0.773887]
[0.6967671]
[0.69314766]
[0.6931472]
[0.6931472]
[0.6931472]
[0.6931472]
[0.6931472]
[0.6931505]
[0.693182]
[0.7084312]
[0.8430042]
[1.6946789]
[0.94924617]
[0.5346035]
[1.2728882]
[0.2710196]
[0.8176435]
[0.44776326]
[0.6931472]
[0.05232079]
[0.29070732]
[0.69314647]
[0.69314635]
[0.69314706]
[0.6931472]
[0.6931472]
[0.6931472]
[0.6931472]
[0.6931472]
[0.6931472]
[0.6931472]
[0.6931472]
[0.6931472]
[0.6931472]
[0.69314706]
[0.69313514]
[0.6931472]
[0.6931472]
[0.6931472]
[0.6931472]
[0.6931472]
[0.6931472]
[0.6931472]
[0.6931472]
[0.6931472]
[0.6931472]
[0.6931472]
[0.6931472]
[0.6931472]
[0.6931472]
[0.69314706]
[0.69314694]
[0.6931472]
[0.69314694]
[0.6931472]
[0.6931472]
[0.6931472]
[0.6931472]
[0.6931472]
[0.6931472]
[0.6931472]
[0.6931472]
[0.6931472]
[0.6931472]
[0.6931472]
[0.6931472]
[0.6931472]
[0.6931472]
[0.6931472]
[0.69314706]
[0.6931472]
[0.6931472]
[0.6931472]
[0.6931472]
[0.6931472]
[0.6931472]
[0.6931472]
[0.6931472]
[0.6931472]
[0.6931472]
[0.6931472]
[0.6931472]
[0.6931472]
[0.6931472]
[0.6931472]
[0.6931472]
[0.6931472]
[0.69314027]
[0.6931472]
[0.6931472]
[0.6931472]
[0.6931472]
[0.6931472]
[0.6931472]
[0.6931472]
[0.6931472]
[0.6931472]
[0.6931472]
[0.6931472]
[0.6931472]
[0.6931472]
[0.6931472]
[0.6931472]
[0.6931399]
[0.6931162]
[0.6931472]
[0.6931472]
[0.6931472]
[0.6931472]
[0.6931472]
[0.6931472]
[0.6931472]
[0.6931472]
[0.6931472]
[0.6931472]
[0.6931472]
[0.6931472]
[0.6931472]
[0.6931472]
[0.6931472]
[0.6931472]
[0.6931472]
[0.6931472]
[0.6931472]
[0.6931472]
[0.6931472]
[0.6931472]
[0.6931472]
[0.6931472]
[0.6931472]
[0.6931472]
[0.6931472]
[0.6931472]
[0.6931472]
[0.6931472]
[0.6931472]
[0.6931472]
[0.6931472]
[0.6931472]
[0.6931472]
[0.6931472]
[0.6931472]
[0.6931472]
[0.6931472]
[0.6931472]
[0.6931472]
[0.6931472]
[0.6931472]
[0.6931472]
[0.6931472]
[0.6931472]
[0.6931472]
[0.6931472]
[0.6931472]
[0.6931472]
[0.6931472]
[0.6931472]
[0.6931472]
[0.6931472]
[0.6931472]
[0.6931472]
[0.6931472]
[0.6931472]
[0.6931472]
[0.6931472]
[0.6931472]
[0.6931472]
[0.6931472]
[0.6931472]
[0.6931472]
[0.69314694]
[0.69314694]
[0.6931472]
[0.6931472]
[0.6931472]
[0.6931472]
[0.6931472]
[0.6931472]
[0.6931472]
[0.6931472]
[0.6931472]
[0.6931472]
[0.6931472]
[0.6931472]
[0.6931472]
[0.6931472]
[0.6931472]
[0.6931472]
[0.6931472]
[0.6931472]
[0.6931472]
[0.6931472]
[0.6931472]
[0.51825714]
[2.6505182]
[0.5498879]
[3.2427797]
[0.96807456]
[0.70166457]
[0.69717747]
[0.69313395]
[0.6931827]
[0.69314706]
[0.6931541]
[0.69315076]
[0.6931472]
[0.6931472]
[0.69312894]
[0.68988854]
[0.89839333]
[0.7216436]
[0.6931472]
[0.10730919]
[0.7331244]
[0.03659889]
[0.34564707]
[0.102818325]
[0.69000393]
[0.69314706]
[0.69314706]
[0.6931472]
[0.6931472]
[0.6931472]
[0.6931472]
[0.6931472]
[0.6931472]
[0.6931472]
[0.6931472]
[0.6931472]
[0.69314694]
[0.6931472]
[0.6931472]
[0.6931472]
[0.6931472]
[0.6931472]
[0.6931472]
[0.6931472]
[0.6931472]
[0.6931472]
[0.6931472]
[0.6931472]
[0.6931472]
[0.6931472]
[0.6931472]
[0.6931472]
[0.6931472]
[0.6931472]
[0.6931472]
[0.6931337]
[0.6931472]
[0.6931472]
[0.6931472]
[0.6931472]
[0.6931472]
[0.6931472]
[0.6931472]
[0.6931472]
[0.6931472]
[0.6931472]
[0.6931472]
[0.6931472]
[0.6931472]
[0.6931472]
[0.6931472]
[0.6931472]
[0.6931472]
[0.6931472]
[0.6931472]
[0.6931472]
[0.6931472]
[0.6931472]
[0.6931472]
[0.6931472]
[0.6931472]
[0.6931472]
[0.6931472]
[0.6931472]
[0.6931472]
[0.6931472]
[0.6931472]
[0.69314706]
[0.6931472]
[0.69314694]
[0.6931472]
[0.6931472]
[0.6931472]
[0.6931472]
[0.6931472]
[0.6931472]
[0.6931472]
[0.6931472]
[0.6931472]
[0.6931472]
[0.6931472]
[0.6931472]
[0.6931472]
[0.6931472]
[0.6931405]
[0.6931406]
[0.6931379]
[0.6930404]
[0.6931294]
[0.6931472]
[0.6931472]
[0.6931472]
[0.6931472]
[0.6931472]
[0.6931472]
[0.6931472]
[0.6931472]
[0.6931472]
[0.6931472]
[0.6931472]
[0.6931472]
[0.6931472]
[0.69314706]
[0.6931472]
[0.6931448]
[0.6931472]
[0.6931472]
[0.6931472]
[0.6931472]
[0.6931472]
[0.6931472]
[0.6931472]
[0.6931472]
[0.6931472]
[0.6931472]
[0.6931472]
[0.6931472]
[0.6931472]
[0.6931472]
[0.6931472]
[0.6931472]
[0.6931472]
[0.6931472]
[0.6931472]
[0.6931466]
[0.6931472]
[0.6931472]
[0.6931472]
[0.6931472]
[0.6931472]
[0.6931472]
[0.6931472]
[0.6931472]
[0.6931472]
[0.6931472]
[0.6931472]
[0.6931472]
[0.6931472]
[0.6931385]
[0.69309616]
[0.6931472]
[0.6931472]
[0.6931472]
[0.6931472]
[0.6931472]
[0.6931472]
[0.6931472]
[0.6931472]
[0.6931472]
[0.6931472]
[0.6931472]
[0.6931472]
[0.6931472]
[0.6931472]
[0.69314706]
[0.6931472]
[0.6931472]
[0.6931472]
[0.6931472]
[0.6931472]
[0.6931472]
[0.6931472]
[0.6931472]
[0.6931472]
[0.6931472]
[0.6931472]
[0.6931472]
[0.6931472]
[0.6931472]
[0.6931472]
[0.6931472]
[0.6931472]
[0.6931472]
[0.6931472]
[0.69314396]
[0.6931472]
[0.6931472]
[0.6931472]
[0.6931472]
[0.6931472]
[0.69314706]
[0.68955034]
[2.1756415]
[0.6135122]
[1.1948903]
[1.5831875]
[3.2687237]
[1.5038993]
[1.5913973]
[0.7541267]
[0.694119]
[0.690329]
[0.972125]
[1.0736022]
[1.0542338]
[2.3781958]
[2.822598]
[0.65620303]
[1.7159374]
[2.2014697]
[0.07962339]
[0.40734413]
[0.5695936]
[0.6372541]
[0.67039055]
[0.68934864]
[0.6931485]
[0.69277734]
[0.6931472]
[0.6931472]
[0.69314516]
[0.6931344]
[0.6915774]
[0.6931472]
[0.6930547]
[0.32414502]
[0.18042466]
[0.6925165]
[0.06395091]
[0.72489434]
[0.6807777]
[0.044207573]
[2.2242339]
[0.5560059]
[2.2479014]
[2.1961088]
[1.1009073]
[0.7374687]
[0.69304216]
[0.6931472]
[0.6931472]
[0.6931472]
[0.6931472]
[0.6931472]
[0.6931472]
[0.6931472]
[0.6931472]
[0.6931472]
[0.6954978]
[1.0771757]
[0.75262386]
[0.6826752]
[3.2872846]
[0.84165573]
[0.84148484]
[0.6931484]
[1.5066515]
[1.4632292]
[0.14744228]
[0.277158]
[0.4561025]
[0.50837064]
[0.6767474]
[0.6931472]
[0.6931472]
[0.6931472]
[0.6931472]
[0.6931472]
[0.6931472]
[0.6931472]
[0.6931472]
[0.6931472]
[0.6931472]
[0.6931472]
[0.6931472]
[0.6931472]
[0.6931472]
[0.6931472]
[0.6931472]
[0.6931472]
[0.6931472]
[0.6931472]
[0.6931472]
[0.6931472]
[0.6931472]
[0.6931472]
[0.6931472]
[0.6931472]
[0.6931472]
[0.6931472]
[0.6931472]
[0.6931472]
[0.6931472]
[0.69314706]
[0.6931472]
[0.6931472]
[0.6931472]
[0.6931472]
[0.6931472]
[0.6931472]
[0.6931472]
[0.6931472]
[0.6931472]
[0.6931472]
[0.6931472]
[0.6931472]
[0.6931472]
[0.6931472]
[0.6931472]
[0.6931472]
[0.6931472]
[0.6931472]
[0.6931472]
[0.6931472]
[0.6931472]
[0.6931472]
[0.6931472]
[0.6931472]
[0.6931472]
[0.6931472]
[0.6931472]
[0.6931472]
[0.6931472]
[0.6931472]
[0.6931472]
[0.6931472]
[0.6931472]
[0.6931472]
[0.6931472]
[0.6931472]
[0.6931472]
[0.6931472]
[0.6931472]
[0.6931472]
[0.6931472]
[0.6931472]
[0.6931472]
[0.6931472]
[0.6931472]
[0.6931472]
[0.6931472]
[0.6931472]
[0.6931472]
[0.6931472]
[0.69314694]
[0.6931472]
[0.6931472]
[0.6931472]
[0.6931472]
[0.6931472]
[0.6931472]
[0.6931472]
[0.6931472]
[0.6931472]
[0.6931472]
[0.6931472]
[0.6931472]
[0.6931472]
[0.6931472]
[0.6931472]
[0.6931472]
[0.6931472]
[0.6931472]
[0.6931472]
[0.6931472]
[0.6931472]
[0.6931472]
[0.6931472]
[0.6931472]
[0.6931472]
[0.6931472]
[0.6931472]
[0.6931472]
[0.6931472]
[0.6931472]
[0.6931472]
[0.6931472]
[0.6931472]
[0.6931472]
[0.6931472]
[0.6931472]
[0.6931472]
[0.6931472]
[0.6931472]
[0.6931472]
[0.6931472]
[0.6931472]
[0.6931472]
[0.6931472]
[0.6931472]
[1.7493441]
[0.2720143]
[0.4470544]
[0.12703925]
[0.73409307]
[0.033852562]
[0.43095362]
[1.0525107]
[0.045515954]
[0.7237244]
[0.13557714]
[0.68118024]
[0.29100668]
[0.6931472]
[0.69181496]
[0.6931454]
[0.6931472]
[0.6931472]
[0.6931472]
[0.6931472]
[0.6931472]
[0.6931472]
[0.6931472]
[0.6931472]
[0.6931472]
[0.6931472]
[0.6931472]
[0.69314706]
[0.6931472]
[0.6931472]
[0.6931472]
[0.6931472]
[0.6931472]
[0.6931472]
[0.6931472]
[0.6931472]
[0.6931472]
[0.6931472]
[0.6931472]
[0.6931472]
[0.6931472]
[0.6931472]
[0.6931472]
[0.6931472]
[0.6931472]
[0.6931472]
[0.6931472]
[0.6931472]
[0.6931472]
[0.6931472]
[0.6931472]
[0.6931472]
[0.6931472]
[0.6931472]
[0.6931472]
[0.6931472]
[0.6931472]
[0.6931472]
[0.6931472]
[0.6931472]
[0.6931472]
[0.6931472]
[0.6931472]
[0.6931472]
[0.6931472]
[0.6931472]
[0.6931472]
[0.6931472]
[0.6931472]
[0.6931472]
[0.6931472]
[0.6931472]
[0.6931472]
[0.6931472]
[0.6931472]
[0.6931472]
[0.6931472]
[0.6931472]
[0.6931472]
[0.6931472]
[0.6931472]
[0.6931472]
[0.6931472]
[0.6931472]
[0.6931472]
[0.6931472]
[0.6931472]
[0.6931472]
[0.6931472]
[0.6931472]
[0.6931472]
[0.6931472]
[0.6931472]
[0.6931472]
[0.6931468]
[0.6931472]
[0.6931472]
[0.6931466]
[0.6931472]
[0.6931472]
[0.6931472]
[0.6931472]
[0.6931472]
[0.6931472]
[0.6931472]
[0.6931472]
[0.6931472]
[0.6931472]
[0.6931472]
[0.6931472]
[0.6931472]
[0.6931472]
[0.6931472]
[0.6931472]
[0.6931472]
[0.6931472]
[0.6931472]
[0.6931472]
[0.6931472]
[0.6931472]
[0.6931472]
[0.6931472]
[0.6931472]
[0.6931472]
[0.6931472]
[0.6931472]
[0.6931472]
[0.6931472]
[0.6931472]
[0.6931472]
[0.6931472]
[0.6931472]
[0.6931472]
[0.6931472]
[0.6931472]
[0.6931472]
[0.6931472]
[0.6931472]
[0.6931472]
[0.6931472]
[0.6931472]
[0.6931472]
[0.6931472]
[0.6931472]
[0.6931472]
[0.6931472]
[0.6931472]
[0.6931472]
[0.6931472]
[0.6931472]
[0.6931472]
[0.6931472]
[0.6931472]
[0.6931472]
[0.6931472]
[0.6931472]
[0.6931472]
[0.6931472]
[0.6931472]
[0.6931472]
[0.6931472]
[0.6931472]
[0.6931472]
[0.6931472]
[0.6931472]
[0.6931472]
[0.6931472]
[0.6931472]
[0.6931472]
[0.6931472]
[0.6931472]
[0.6931472]
[0.6931472]
[0.6931472]
[0.6931472]
[0.6931472]
[0.6931472]
[0.6931472]
[0.6931472]
[0.69314706]
[0.6931472]
[0.6931472]
[0.6931472]
[0.6931472]
[0.6931472]
[0.6931472]
[0.6931472]
[0.6931472]
[0.6931472]
[0.6931472]
[0.6931472]
[0.6931472]
[0.6931472]
[0.6931472]
[0.6931472]
[0.6931472]
[0.6931472]
[0.69314706]
[0.6931472]
[0.6931472]
[1.7268597]
[2.480621]
[0.316357]
[3.5469167]
[0.8052141]
[1.7316207]
[3.3687232]
[2.315149]
[0.6931472]
[0.69314826]
[0.6820353]
[0.47845352]
[3.568055]
[0.13553414]
[0.43585926]
[0.06371209]
[0.34985778]
[0.033912554]
[0.062156983]
[0.26622173]
[0.90189]
[0.67223316]
[0.051184956]
[0.64132804]
[0.026205461]
[0.844413]
[1.2581978]
[0.039313294]
[1.6578116]
[1.3819953]
[0.9897814]
[2.5536742]
[0.33490932]
[0.33877406]
[0.69496185]
[0.63600504]
[0.5882092]
[1.8679607]
[0.54815334]
[0.6931472]
[0.6931486]
[3.392922]
[0.9060161]
[3.5149949]
[0.54906154]
[0.91526234]
[1.9401743]
[1.0715396]
[2.95221]
[0.9887302]
[2.5057087]
[0.12302585]
[0.7335952]
[0.029614992]
[0.027633121]
[0.18928532]
[0.86019325]
[0.1243093]
[0.028164085]
[0.04761013]
[0.052526504]
[0.693007]
[0.94343126]
[0.055299412]
[0.54219425]
[0.17800947]
[0.7846336]
[1.0329593]
[0.8808019]
[0.63646644]
[0.69314766]
[0.6931472]
[0.67501456]
[2.107543]
[0.7003268]
[1.3197634]
[1.6595461]
[0.9136421]
[1.2414384]
[1.2641838]
[2.7464683]
[1.8177419]
[0.6931472]
[0.3957427]
[0.35968372]
[0.5387497]
[0.06350794]
[0.06195575]
[0.13280918]
[0.6928912]
[0.6931472]
[0.6877148]
[0.6931472]
[0.6931472]
[0.6731638]
[0.6931466]
[0.71146005]
[0.09544909]
[0.6931472]
[0.03751156]
[2.018501]
[1.3694872]
[3.5795693]
[1.4844493]
[2.6300788]
[0.7329623]
[0.6931472]
[1.1260021]
[0.69258386]
[0.70001894]
[0.74595726]
[0.7598871]
[0.7408238]
[0.6948359]
[0.67527014]
[2.3081427]
[1.2685848]
[0.6931472]
[0.17708576]
[1.4572121]
[0.8818134]
[0.3836749]
[0.3806461]
[0.02355022]
[0.6931472]
[0.5066248]
[0.67075616]
[0.6920421]
[0.69291747]
[0.6931057]
[0.69309306]
[0.6931472]
[0.69314575]
[0.6931225]
[0.65371346]
[0.40669948]
[0.6955863]
[0.69307804]
[0.042769197]
[0.96866584]
[1.9949819]
[0.90222263]
[0.63179916]
[0.31053185]
[1.0418421]
[0.6934623]
[0.6913816]
[0.7346079]
[0.6943231]
[0.6931665]
[0.6931472]
[0.6931472]
[0.6931472]
[0.6931472]
[0.6931472]
[0.6931472]
[0.69559556]
[0.6948499]
[1.2862788]
[1.8945923]
[2.3526738]
[0.12337043]
[0.06332625]
[0.34157974]
[0.20359007]
[0.39663482]
[0.6931472]
[0.6920833]
[0.69305587]
[0.6931472]
[0.6931472]
[0.6931472]
[0.6931472]
[0.6931472]
[0.6931472]
[0.6931472]
[0.6931472]
[0.6931472]
[0.6931472]
[0.69314706]
[0.6931472]
[0.6931472]
[0.6931472]
[0.6931472]
[0.6931472]
[0.6931472]
[0.6931472]
[0.6931472]
[0.6931472]
[0.6931472]
[0.6931472]
[0.6931472]
[0.6931472]
[0.6931472]
[0.6931472]
[0.6931472]
[0.6931472]
[0.69314706]
[0.6931472]
[0.6931472]
[1.8711743]
[2.6024017]
[1.6475947]
[0.6970015]
[0.6931281]
[0.69314706]
[0.6931412]
[0.6957747]
[0.7028312]
[0.7142418]
[0.7599794]
[1.2009922]
[2.1314726]
[0.7241024]
[0.8232409]
[0.93921757]
[0.9818079]
[0.17996852]
[0.0536999]
[0.024606632]
[0.29888928]
[0.49974096]
[0.6929687]
[0.69051874]
[0.69312954]
[0.6931454]
[0.6931472]
[0.6914629]
[0.6930754]
[0.71116495]
[0.69314384]
[0.4021281]
[0.37879154]
[0.69314706]
[0.6932149]
[0.37078875]
[0.33259904]
[3.6112883]
[1.9841312]
[0.688042]
[0.69159436]
[0.71138996]
[0.6933069]
[0.6931505]
[0.69314814]
[0.69314706]
[0.69317675]
[0.69305205]
[0.6931472]
[1.0970521]
[3.3773339]
[1.0110679]
[3.291682]
[0.15929808]
[0.7094652]
[0.18086231]
[0.70777386]
[0.62785274]
[0.1179374]
[0.33567396]
[0.6772209]
[0.6931472]
[0.6931472]
[0.6931472]
[0.6931472]
[0.6931472]
[0.6931472]
[0.6931472]
[0.69314706]
[0.6931472]
[0.69314396]
[0.6917602]
[0.62723637]
[0.55658156]
[0.6900477]
[0.69011575]
[0.6377562]
[0.69307303]
[0.6931472]
[0.6931472]
[0.6931472]
[0.6931472]
[0.6931472]
[0.6931472]
[0.6931472]
[0.6931472]
[0.6931472]
[0.6931472]
[0.6931472]
[0.6931472]
[0.6931472]
[0.6931472]
[0.6931472]
[0.6931472]
[0.6931472]
[0.6931472]
[0.6931472]
[0.6931472]
[0.6931472]
[0.6931472]
[0.6931472]
[0.6931472]
[0.6931472]
[0.6931472]
[0.6931472]
[0.6931472]
[0.6931472]
[0.6931472]
[0.6931472]
[0.6931472]
[0.6931472]
[0.6931472]
[0.6931472]
[0.6931472]
[0.6931472]
[0.6931472]
[0.6931472]
[0.6931472]
[0.6931472]
[0.6931472]
[0.6931472]
[0.6931472]
[0.6931472]
[0.6931472]
[0.6931472]
[0.6931472]
[0.6931472]
[0.6931472]
[0.6931472]
[0.6931472]
[0.6931472]
[0.6931472]
[0.6931472]
[0.6931472]
[0.6931472]
[0.6931472]
[0.6931472]
[0.6931472]
[0.6931472]
[0.6931472]
[0.6931472]
[0.6931472]
[0.6931472]
[0.6931472]
[0.6931472]
[0.6931472]
[0.6931472]
[0.6931472]
[0.6931472]
[0.6931472]
[0.6931472]
[0.6931472]
[0.6931472]
[0.6931472]
[0.6931472]
[0.6931472]
[0.6931472]
[0.6931472]
[0.6931472]
[0.6931472]
[0.69314647]
[0.6931472]
[0.6931472]
[0.6931472]
[0.6931472]
[0.6931472]
[0.6931472]
[0.6931472]
[0.6931472]
[0.6931472]
[0.6931472]
[0.6931472]
[0.6931472]
[0.6931472]
[0.6931472]
[0.6931472]
[0.6931472]
[0.6931472]
[0.69314694]
[0.6931472]
[0.6931472]
[0.6931472]
[0.6931472]
[0.6931472]
[0.6931472]
[0.6931472]
[0.6931472]
[0.6931472]
[0.6931472]
[0.6931472]
[0.6931472]
[0.6931472]
[0.6931472]
[0.6931472]
[0.6931467]
[0.6931472]
[0.6931472]
[0.6931472]
[0.6931472]
[0.6931472]
[0.31942135]
[0.07119707]
[0.038172565]
[0.6170693]
[0.6931472]
[0.6931472]
[0.6931472]
[0.6931472]
[0.6931472]
[0.6931472]
[0.6931472]
[0.6931472]
[0.6931472]
[0.69314706]
[0.69306695]
[0.68916696]
[0.67017686]
[0.6931472]
[0.692608]
[0.6930735]
[0.6282029]
[0.6931472]
[0.6947369]
[0.622821]
[0.69312394]
[0.6931472]
[0.6931472]
[0.6931472]
[0.6931472]
[0.6931472]
[0.6931472]
[0.6931472]
[0.6931472]
[0.6931472]
[0.6931472]
[0.6931472]
[0.6931472]
[0.6931472]
[0.6931472]
[0.6931472]
[0.6931472]
[0.6931472]
[0.6931472]
[0.6931472]
[0.6931472]
[0.6931472]
[0.6931472]
[0.6931472]
[0.6931472]
[0.6931472]
[0.6931472]
[0.6931472]
[0.6931472]
[0.6931472]
[0.6931472]
[0.6931472]
[0.6931472]
[0.6931472]
[0.6931472]
[0.6931472]
[0.6931472]
[0.6931472]
[0.6931472]
[0.6931472]
[0.6931472]
[0.6931472]
[0.6931472]
[0.6931472]
[0.6931472]
[0.6931472]
[0.6931472]
[0.6931472]
[0.6931472]
[0.6931472]
[0.6931472]
[0.6931472]
[0.6931472]
[0.6931472]
[0.6931472]
[0.6931472]
[0.6931472]
[0.6931472]
[0.6931472]
[0.6931472]
[0.6931472]
[0.6931472]
[0.6931472]
[0.6931472]
[0.6931472]
[0.6931472]
[0.6931472]
[0.6931472]
[0.6931472]
[0.6931472]
[0.6931472]
[0.6931472]
[0.6931472]
[0.6931472]
[0.6931472]
[0.6931472]
[0.6931472]
[0.6931472]
[0.6931472]
[0.6931472]
[0.6931472]
[0.6931472]
[0.69314706]
[0.6931472]
[0.6931472]
[0.6931472]
[0.6931472]
[0.6931472]
[0.6931472]
[0.6931472]
[0.6931472]
[0.6931472]
[0.6931472]
[0.6931472]
[0.6931472]
[0.6931472]
[0.6931472]
[0.6931472]
[0.6931472]
[0.6931472]
[0.6931472]
[0.6931472]
[0.6931472]
[0.6931472]
[0.6931472]
[0.6931472]
[0.6931472]
[0.6931472]
[0.6931472]
[0.6931472]
[0.6931472]
[0.6931472]
[0.6931472]
[0.6931472]
[0.6931472]
[0.6931472]
[0.6931472]
[0.6931472]
[0.6931472]
[0.6931472]
[0.6931472]
[0.6931472]
[0.6931472]
[0.6931472]
[0.6931472]
[0.6931472]
[0.6931472]
[0.6931472]
[0.6931472]
[0.6931472]
[0.6931472]
[0.6931472]
[0.6931472]
[0.69314706]
[0.6931472]
[0.6931472]
[0.6931472]
[0.6931472]
[0.6931472]
[0.6931472]
[0.6931472]
[0.6931472]
[0.6931472]
[0.6931472]
[0.6931472]
[0.6931472]
[0.6931472]
[0.6931472]
[0.6931472]
[0.6931472]
[0.6931472]
[0.6931472]
[0.6931472]
[0.6931472]
[0.6931472]
[0.6931472]
[0.6931472]
[0.6931472]
[0.6931472]
[0.6931472]
[0.6931472]
[0.6931472]
[0.6931472]
[0.6931472]
[0.6931472]
[0.6931472]
[0.6931472]
[0.6931472]
[0.6931472]
[0.6931472]
[0.6931472]
[0.6931472]
[0.6931472]
[0.6931472]
[0.6931472]
[0.6931472]
[0.2478375]
[0.4012623]
[0.8019945]
[0.03683281]
[0.27696225]
[0.6931238]
[0.6930795]
[0.69314706]
[0.6931472]
[0.6931472]
[0.6931472]
[0.6931472]
[0.6931472]
[0.6931472]
[0.6931472]
[0.6931472]
[0.6931454]
[0.6931472]
[0.6931467]
[0.6931472]
[0.6931472]
[0.6931472]
[0.6931472]
[0.6931472]
[0.6931472]
[0.6931472]
[0.6931472]
[0.6931472]
[0.6931472]
[0.6931472]
[0.6931472]
[0.6931472]
[0.6931472]
[0.6931472]
[0.6931472]
[0.6931472]
[0.6931472]
[0.6931472]
[0.6931472]
[0.6931472]
[0.6931472]
[0.6931472]
[0.6931472]
[0.6931472]
[0.6931472]
[0.6931472]
[0.6931472]
[0.6931472]
[0.6931472]
[0.6931472]
[0.6931472]
[0.6931472]
[0.6931472]
[0.6931472]
[0.6931472]
[0.6931472]
[0.6931472]
[0.6931472]
[0.6931472]
[0.6931472]
[0.6931472]
[0.6931472]
[0.6931472]
[0.6931472]
[0.6931472]
[0.6931472]
[0.6931472]
[0.6931472]
[0.6931472]
[0.6931472]
[0.6931472]
[0.6931472]
[0.6931472]
[0.6931472]
[0.6931472]
[0.6931472]
[0.6931472]
[0.6931472]
[0.6931472]
[0.6931472]
[0.6931472]
[0.6931472]
[0.6931472]
[0.6931472]
[0.6931472]
[0.6931472]
[0.6931472]
[0.6931472]
[0.6931466]
[0.6931472]
[0.6931472]
[0.6931472]
[0.6931472]
[0.6931472]
[0.6931472]
[0.6931472]
[0.6931472]
[0.6931472]
[0.6931472]
[0.6931472]
[0.6931472]
[0.6931472]
[0.6931472]
[0.6931472]
[0.6931472]
[0.6931472]
[0.6931472]
[0.6931472]
[0.6931472]
[0.6931472]
[0.6931472]
[0.6931472]
[0.6931472]
[0.6931472]
[0.6931472]
[0.6931472]
[0.6931472]
[0.6931472]
[0.6931472]
[0.6931472]
[0.6931472]
[0.6931472]
[0.6931472]
[0.6931472]
[0.6931472]
[0.6931472]
[0.6931472]
[0.6931472]
[0.6931472]
[0.6931472]
[0.6931472]
[0.6931472]
[0.6931472]
[0.6931472]
[0.6931472]
[0.6931472]
[0.6931472]
[0.6931472]
[0.6931472]
[0.6931472]
[0.6931472]
[0.6931472]
[0.6931472]
[0.6931472]
[0.6931472]
[0.6931472]
[0.6931472]
[0.6931472]
[0.6931472]
[0.6931472]
[0.6931472]
[0.6931472]
[0.6931472]
[0.6931472]
[0.6931472]
[0.6931472]
[0.6931472]
[0.6931472]
[0.6931472]
[0.6931472]
[0.6931472]
[0.6931472]
[0.6931472]
[0.6931472]
[0.6931472]
[0.6931472]
[0.6931472]
[0.6931472]
[0.6931472]
[0.6931472]
[0.6931472]
[0.6931472]
[0.6931472]
[0.6931472]
[0.6931472]
[0.6931472]
[0.6931472]
[0.6931472]
[0.6931472]
[0.6931472]
[0.6931472]
[0.6931472]
[0.6931472]
[0.6931472]
[0.6931472]
[0.6931472]
[0.6931472]
[0.69314706]
[0.6931472]
[0.6931472]
[0.6931472]
[0.6931472]
[0.6931472]
[0.6931472]
[0.6931472]
[0.6931472]
[0.6931472]
[0.6931472]
[0.6931472]
[0.6931472]
[0.29516512]
[1.0981171]
[0.043192744]
[0.6931416]
[0.5237034]
[0.6931472]
[0.6931472]
[0.6931472]
[0.6931472]
[0.6931472]
[0.6931472]
[0.6931472]
[0.6931472]
[0.6931472]
[0.6931472]
[0.6931416]
[0.6931472]
[0.693138]
[0.6931472]
[0.69309366]
[0.6931472]
[0.6931472]
[0.6931472]
[0.6931472]
[0.6931472]
[0.6931472]
[0.6931472]
[0.6931472]
[0.6931472]
[0.6931472]
[0.6931472]
[0.6931472]
[0.6931472]
[0.6931472]
[0.6931472]
[0.6931472]
[0.6931472]
[0.6931472]
[0.6931472]
[0.6931472]
[0.6931472]
[0.6931472]
[0.6931472]
[0.6931472]
[0.6931472]
[0.6931472]
[0.6931472]
[0.6931472]
[0.6931472]
[0.6931472]
[0.6931472]
[0.6931472]
[0.6931472]
[0.6931472]
[0.6931472]
[0.6931472]
[0.6931472]
[0.6931472]
[0.6931472]
[0.6931472]
[0.6931472]
[0.6931472]
[0.6931472]
[0.6931472]
[0.6931472]
[0.6931472]
[0.6931472]
[0.6931472]
[0.6931472]
[0.6931472]
[0.6931472]
[0.6931472]
[0.6931472]
[0.6931472]
[0.6931472]
[0.6931472]
[0.6931472]
[0.6931472]
[0.6931472]
[0.6931472]
[0.6931472]
[0.6931472]
[0.6931472]
[0.6931472]
[0.6931472]
[0.6931472]
[0.6931472]
[0.6931472]
[0.6931472]
[0.6931472]
[0.6931472]
[0.6931472]
[0.6931472]
[0.6931472]
[0.6931472]
[0.6931472]
[0.6931472]
[0.6931472]
[0.6931472]
[0.6931472]
[0.6931472]
[0.6931472]
[0.69314706]
[0.6931472]
[0.6931472]
[0.6931472]
[0.6931472]
[0.6931472]
[0.6931472]
[0.6931472]
[0.6931472]
[0.6931472]
[0.6931472]
[0.6931472]
[0.6931472]
[0.6931472]
[0.6931472]
[0.6931472]
[0.6931472]
[0.6931472]
[0.6931472]
[0.6931472]
[0.6931472]
[0.6931472]
[0.6931472]
[0.6931472]
[0.6931472]
[0.6931472]
[0.6931472]
[0.6931472]
[0.6931472]
[0.6931472]
[0.6931472]
[0.6931472]
[0.6931472]
[0.6931472]
[0.6931472]
[0.6931472]
[0.6931472]
[0.6931472]
[0.6931472]
[0.6931472]
[0.6931472]
[0.6931472]
[0.6931472]
[0.6931472]
[0.6931472]
[0.6931472]
[0.6931472]
[0.6931472]
[0.6931472]
[0.6931472]
[0.6931472]
[0.6931472]
[0.6931472]
[0.6931472]
[0.6931472]
[0.6931472]
[0.6931472]
[0.6931472]
[0.6931472]
[0.6931472]
[0.6931472]
[0.6931472]
[0.6931472]
[0.6931472]
[0.6931472]
[0.6931472]
[0.6931472]
[0.6931472]
[0.6931472]
[0.6931472]
[0.6931472]
[0.6931472]
[0.6931472]
[0.6931472]
[0.6931472]
[0.6931472]
[0.6931472]
[0.6931472]
[0.6931472]
[0.6931472]
[0.6931472]
[0.6931472]
[0.6931472]
[0.6931472]
[0.6931472]
[0.6931472]
[0.6931472]
[0.6931472]
[0.6931472]
[0.6931472]
[0.6931472]
[0.6931472]
[0.6931472]
[0.6931472]
[0.6931472]
[0.6931472]
[0.6931472]
[0.6931472]
[1.6836352]
[0.09705748]
[0.691824]
[0.62982506]
[0.62155896]
[0.6920793]
[0.6931472]
[0.6931472]
[0.6931472]
[0.6931472]
[0.6931472]
[0.6931472]
[0.6931472]
[0.6931472]
[0.6931472]
[0.69276124]
[0.6931472]
[0.6931472]
[0.693146]
[0.69232726]
[0.6931461]
[0.6931472]
[0.6931472]
[0.6931472]
[0.6931472]
[0.6931472]
[0.6931472]
[0.6931472]
[0.6931472]
[0.6931472]
[0.6931472]
[0.6931472]
[0.6931472]
[0.6931472]
[0.6931472]
[0.6931472]
[0.69314706]
[0.6931472]
[0.6931472]
[0.6931472]
[0.6931472]
[0.6931472]
[0.6931472]
[0.6931472]
[0.6931472]
[0.6931472]
[0.6931472]
[0.6931472]
[0.6931472]
[0.6931472]
[0.6931472]
[0.6931472]
[0.6931472]
[0.6931472]
[0.6931472]
[0.6931472]
[0.6931472]
[0.6931472]
[0.6931472]
[0.6931472]
[0.6931472]
[0.6931472]
[0.6931472]
[0.6931472]
[0.6931472]
[0.6931472]
[0.6931472]
[0.6931472]
[0.6931472]
[0.6931472]
[0.6931472]
[0.6931472]
[0.6931472]
[0.6931472]
[0.6931472]
[0.6931472]
[0.6931472]
[0.6931472]
[0.6931472]
[0.6931472]
[0.6931472]
[0.6931472]
[0.6931472]
[0.6931472]
[0.6931472]
[0.6931472]
[0.6931472]
[0.6931472]
[0.6931472]
[0.6931472]
[0.6931472]
[0.6931472]
[0.6931472]
[0.6931472]
[0.6931472]
[0.6931472]
[0.6931472]
[0.6931472]
[0.6931472]
[0.6931472]
[0.6931472]
[0.6931472]
[0.6931472]
[0.6931472]
[0.6931472]
[0.6931472]
[0.6931472]
[0.6931472]
[0.6931472]
[0.6931472]
[0.6931472]
[0.6931472]
[0.6931472]
[0.6931472]
[0.6931472]
[0.6931472]
[0.6931472]
[0.6931472]
[0.6931472]
[0.6931472]
[0.6931472]
[0.6931472]
[0.6931472]
[0.6931472]
[0.6931472]
[0.6931472]
[0.6931472]
[0.6931472]
[0.6931472]
[0.6931472]
[0.6931472]
[0.6931472]
[0.6931472]
[0.6931472]
[0.6931472]
[0.6931472]
[0.6931472]
[0.6931472]
[0.6931472]
[0.6931472]
[0.6931472]
[0.6931472]
[0.6931472]
[0.6931472]
[0.6931472]
[0.6931472]
[0.6931472]
[0.6931472]
[0.6931472]
[0.6931472]
[0.6931472]
[0.6931472]
[0.6931472]
[0.69314706]
[0.6931472]
[0.6931472]
[0.6931472]
[0.6931472]
[0.6931472]
[0.6931472]
[0.6931472]
[0.6931472]
[0.6931472]
[0.6931472]
[0.6931472]
[0.6931472]
[0.6931472]
[0.6931472]
[0.6931472]
[0.6931472]
[0.6931472]
[0.6931472]
[0.6931472]
[0.6931472]
[0.6931472]
[0.6931472]
[0.6931472]
[0.6931472]
[0.6931472]
[0.6931472]
[0.6931472]
[0.6931472]
[0.6931472]
[0.6931472]
[0.6931472]
[0.6931472]
[0.6931472]
[0.6931472]
[0.6931472]
[0.6931472]
[0.6931472]
[0.6931472]
[0.6931472]
[0.6931472]
[0.6931472]
[0.6931472]
[0.6931472]
[0.6931472]
[0.6931472]
[0.6931472]
[3.3335583]
[0.6982036]
[0.6641779]
[0.69433975]
[0.693244]
[0.6931472]
[0.69484186]
[0.6931468]
[0.6933214]
[0.6937402]
[0.6928318]
[0.68787724]
[0.71612716]
[2.9510689]
[0.69313323]
[0.15710221]
[0.8373847]
[0.6931472]
[0.0682175]
[0.046070483]
[0.69291854]
[0.6931472]
[0.6931472]
[0.6929085]
[0.6931472]
[0.6931472]
[0.6931472]
[0.69313323]
[0.6931447]
[0.6871068]
[0.6931472]
[0.72762334]
[0.6931472]
[0.1816732]
[0.09357693]
[0.1629854]
[0.047985516]
[0.14835268]
[0.6739713]
[0.45203143]
[0.22050275]
[0.6078578]
[2.3466942]
[0.7535991]
[1.3657159]
[0.7035662]
[0.6931453]
[0.6931498]
[0.69314754]
[0.6931472]
[0.6931472]
[0.6931472]
[0.6931472]
[0.6930994]
[0.6943319]
[0.6931472]
[0.693513]
[0.842818]
[1.6921078]
[2.7540116]
[0.62794864]
[0.20909728]
[0.25960198]
[0.62085444]
[0.6931472]
[0.69313586]
[0.6931472]
[0.6931472]
[0.6931472]
[0.6931472]
[0.6931472]
[0.6931472]
[0.6931472]
[0.6931472]
[0.6931472]
[0.6931472]
[0.6931466]
[0.693146]
[0.6931337]
[0.6931472]
[0.6931472]
[0.6931472]
[0.6931472]
[0.6931472]
[0.6931472]
[0.6931472]
[0.6931472]
[0.6931472]
[0.6931472]
[0.6931472]
[0.6931472]
[0.6931472]
[0.6931472]
[0.6931472]
[0.69314706]
[0.6931472]
[0.6931472]
[0.6931472]
[0.6931472]
[0.6931472]
[0.6931472]
[0.6931472]
[0.6931472]
[0.6931472]
[0.6931472]
[0.6931472]
[0.6931472]
[0.6931472]
[0.6931472]
[0.6931472]
[0.6931472]
[0.6931472]
[0.6931472]
[0.6931472]
[0.6931472]
[0.6931472]
[0.6931472]
[0.6931472]
[0.6931472]
[0.6931472]
[0.6931472]
[0.6931472]
[0.6931472]
[0.6931472]
[0.6931472]
[0.6931472]
[0.6931472]
[0.6931472]
[0.6931472]
[0.6931472]
[0.6931472]
[0.6931472]
[0.6931472]
[0.6931472]
[0.6931472]
[0.6931472]
[0.6931472]
[0.6931472]
[0.6931472]
[0.6931472]
[0.6931472]
[0.6931472]
[0.6931472]
[0.6931472]
[0.6931472]
[0.6931472]
[0.6931472]
[0.6931472]
[0.6931472]
[0.6931472]
[0.6931472]
[0.6931472]
[0.6931472]
[0.6931472]
[0.6931472]
[0.6931472]
[0.6931472]
[0.6931472]
[0.6931472]
[0.6931472]
[0.6931472]
[0.6931472]
[0.6931472]
[0.6931472]
[0.6931472]
[0.6931472]
[0.6931472]
[0.6931472]
[0.6931472]
[0.6931472]
[0.6931472]
[0.6931472]
[0.6931472]
[0.6931472]
[0.6931472]
