[0.28097588]
[0.6790781]
[0.457161]
[0.07539268]
[0.7597923]
[0.7369937]
[0.69217753]
[3.2529619]
[3.1782377]
[0.22154108]
[2.7587187]
[2.9858348]
[3.6460674]
[0.3264759]
[3.2520998]
[0.692073]
[1.1765232]
[0.702243]
[3.164444]
[0.23809996]
[0.6931474]
[2.7504861]
[0.6931405]
[0.16706647]
[2.250077]
[0.63669825]
[0.5466715]
[0.6089845]
[0.026700588]
[0.022885025]
[0.52487224]
[0.25481498]
[0.027110463]
[0.6774781]
[0.79862213]
[0.32755652]
[1.0411472]
[0.11857869]
[0.69288903]
[0.6639074]
[2.3566818]
[1.0204533]
[0.6931472]
[1.2850368]
[2.4057634]
[0.69484377]
[0.73414344]
[0.6931486]
[0.6932564]
[2.4860034]
[0.7526759]
[3.676952]
[1.5799242]
[0.6931305]
[0.29587525]
[2.7090945]
[0.064134814]
[1.816007]
[0.10851821]
[0.6960721]
[0.17933969]
[0.09226647]
[0.69607353]
[0.88837457]
[0.04888323]
[0.15840729]
[0.6931447]
[0.6931255]
[0.698177]
[0.070941284]
[0.6933302]
[0.19228528]
[2.7133064]
[0.6931517]
[0.6697699]
[0.45868027]
[1.9990733]
[0.57470644]
[3.2391868]
[2.3536508]
[0.517468]
[0.69276124]
[1.8902724]
[0.8382098]
[0.15746893]
[0.3092925]
[3.1365108]
[0.2271716]
[0.27518964]
[0.092604205]
[2.0530736]
[1.9227276]
[0.43611065]
[0.90305614]
[0.05075569]
[2.1014054]
[0.5548961]
[2.5245783]
[0.818289]
[0.073220715]
[0.2218421]
[0.09232726]
[2.7567344]
[1.7512908]
[3.486455]
[0.6930988]
[0.688454]
[0.67821574]
[1.6423788]
[2.9085934]
[1.7356985]
[0.6931472]
[0.6931472]
[0.9340256]
[1.6731373]
[3.1613793]
[2.7101378]
[1.7443563]
[0.43824562]
[0.10948886]
[0.08799473]
[0.5943985]
[1.4601053]
[0.6616694]
[1.8213308]
[0.1287633]
[0.69397134]
[0.085877344]
[0.039532408]
[1.0915753]
[0.83059573]
[0.86257267]
[0.5309677]
[0.16868514]
[0.2989249]
[0.06738158]
[2.4420493]
[1.0014554]
[2.752133]
[2.4887838]
[0.21987896]
[3.562182]
[0.72242445]
[2.5740077]
[0.37064034]
[0.6931472]
[2.651821]
[2.76753]
[0.19544885]
[0.50433964]
[0.94882715]
[2.4459114]
[0.1225411]
[1.3864427]
[0.15043095]
[0.08057782]
[0.54951316]
[0.09207667]
[0.7313838]
[0.6931046]
[0.024204561]
[0.6662307]
[0.058835186]
[0.39480072]
[1.9356916]
[1.1971866]
[0.09060938]
[1.7230675]
[0.6931503]
[0.6918898]
[0.36700276]
[1.8350272]
[0.8063755]
[2.5117755]
[2.5783088]
[0.6931472]
[0.6848297]
[1.035358]
[0.53693414]
[1.1639538]
[0.2475084]
[0.060652357]
[0.8090553]
[0.22400177]
[0.6937834]
[0.107765034]
[2.1042988]
[0.49054474]
[1.0073857]
[2.1610482]
[0.043615784]
[1.7702556]
[0.673782]
[2.3893445]
[0.13021769]
[1.6871958]
[0.15355629]
[1.1068639]
[2.4506383]
[0.41667792]
[0.1677211]
[0.1250531]
[0.1048433]
[2.5631976]
[0.6378283]
[1.5531807]
[1.2893544]
[2.1477811]
[1.133065]
[1.3185138]
[0.69318604]
[1.077351]
[0.693381]
[1.4470121]
[0.6931472]
[1.6739905]
[3.5975304]
[1.9932884]
[2.5368776]
[0.59398377]
[0.9458581]
[1.1959069]
[1.5110041]
[0.06684876]
[0.33640087]
[0.033377606]
[0.0874946]
[0.71826816]
[0.6842108]
[0.6931472]
[0.75085944]
[0.28729528]
[0.08782493]
[0.18431519]
[0.1711033]
[1.1363546]
[0.17858186]
[1.1685991]
[0.78323686]
[1.1536225]
[0.6007908]
[3.2261264]
[0.68936074]
[0.69315016]
[0.8129172]
[1.0991149]
[0.6754606]
[0.67359096]
[0.6444679]
[0.6896695]
[0.7185156]
[0.20540096]
[0.07082522]
[0.72242725]
[2.4699502]
[0.82227725]
[0.6421464]
[0.14236425]
[0.10171331]
[0.041977588]
[0.02623428]
[0.057323616]
[0.40072462]
[0.10945328]
[0.44114134]
[0.042395763]
[0.30812094]
[1.0995362]
[2.4900196]
[2.3766816]
[0.20949657]
[0.6844356]
[0.6931472]
[1.0002776]
[0.60354614]
[0.8596597]
[0.69411254]
[2.4089391]
[0.6931994]
[0.6790834]
[0.7027869]
[0.6587094]
[0.74932003]
[3.2828724]
[0.1907975]
[0.09101171]
[2.6594026]
[0.65266424]
[1.1358156]
[0.821975]
[0.040785883]
[0.051106352]
[0.028565114]
[0.05136057]
[0.8216783]
[0.054458927]
[0.6931677]
[0.74553365]
[0.3924286]
[0.060742103]
[1.9349507]
[0.6931472]
[0.109411255]
[0.36706412]
[0.466497]
[2.7692258]
[2.6804857]
[1.4407207]
[1.4047211]
[0.85126376]
[1.0946101]
[2.187127]
[0.9290587]
[1.9365968]
[0.39446712]
[2.1303875]
[0.6545083]
[0.81951344]
[0.70837]
[0.7094403]
[0.1611011]
[0.03612399]
[0.04922691]
[0.6931815]
[1.2595769]
[0.68059134]
[0.6940958]
[0.42952433]
[0.21868916]
[0.024715744]
[0.025078416]
[0.6929376]
[0.77824205]
[0.6932523]
[0.67038906]
[3.2004497]
[0.2549225]
[0.6931089]
[3.6397562]
[1.3342752]
[2.892113]
[0.7491158]
[0.6931751]
[2.129575]
[0.69312775]
[0.46187663]
[1.0434793]
[1.1094227]
[3.5260067]
[0.82100654]
[2.9946373]
[0.6931462]
[0.70595396]
[2.310566]
[0.09403579]
[0.04091062]
[0.80163187]
[0.69312024]
[0.49024487]
[0.69314706]
[0.44675317]
[0.6931472]
[0.04273747]
[0.5102911]
[1.7328287]
[0.6931472]
[0.27554893]
[0.3756541]
[0.08128577]
[0.69314706]
[0.5831451]
[0.11730209]
[0.56409955]
[0.6931472]
[0.31428802]
[0.6931472]
[0.95749235]
[0.78978944]
[3.6259146]
[0.6931472]
[1.6652552]
[0.61228764]
[3.202436]
[3.5824404]
[3.327081]
[0.3862261]
[0.25191802]
[1.6586881]
[0.6931472]
[1.9382883]
[2.0271175]
[0.69308984]
[1.3598537]
[1.4329029]
[0.5969836]
[0.106121786]
[0.22978516]
[0.6106588]
[0.97713685]
[1.4186828]
[0.6965325]
[0.1111623]
[0.032706954]
[0.02489911]
[0.8135786]
[0.06814909]
[0.023659399]
[0.71857387]
[0.6900478]
[0.7015356]
[0.29408467]
[0.6605864]
[0.69314384]
[0.6931472]
[0.6931472]
[0.6931472]
[0.6931472]
[0.6931472]
[0.6931472]
[0.6931472]
[0.69315314]
[0.69266796]
[0.5637964]
[0.7528416]
[0.6931298]
[0.32085142]
[0.03156887]
[0.6931472]
[3.0805302]
[3.6350012]
[0.7560846]
[0.6686772]
[0.69301236]
[0.69412684]
[0.69395435]
[0.69315386]
[0.6931472]
[0.6931472]
[0.6931472]
[0.6931474]
[0.69314706]
[0.6931771]
[0.6909766]
[0.7780648]
[2.4310126]
[3.332423]
[3.2671201]
[0.3505261]
[0.32034162]
[0.7955402]
[0.021685388]
[0.5799988]
[0.1637619]
[0.62195235]
[0.6880721]
[0.69314015]
[0.6931472]
[0.6931472]
[0.6931472]
[0.6931472]
[0.6931479]
[0.69326687]
[0.67352736]
[0.53443706]
[0.48017383]
[0.65612376]
[0.048736215]
[1.2234368]
[0.6556515]
[0.5492631]
[1.2798328]
[2.9450219]
[0.63378245]
[0.69314814]
[0.6931484]
[0.6931584]
[0.6931472]
[0.69314754]
[0.6931472]
[0.6931505]
[0.6931441]
[0.6931472]
[0.77134275]
[1.3996935]
[1.3080215]
[1.9859211]
[0.09475431]
[2.2129328]
[0.29521298]
[0.07230506]
[0.18282017]
[0.69314635]
[0.36118424]
[0.4996055]
[0.6779177]
[0.6929728]
[0.6930672]
[0.6909088]
[0.69186985]
[0.6931472]
[0.69614506]
[0.6931472]
[0.37367094]
[0.69336325]
[0.7132952]
[0.34383202]
[0.38334277]
[0.9034164]
[0.6911046]
[0.7152915]
[0.6931472]
[0.69343233]
[0.7524688]
[0.69400096]
[0.693148]
[0.7028333]
[0.6928635]
[0.6932908]
[1.3171355]
[0.6931977]
[2.076696]
[3.1995173]
[0.28990844]
[0.32880366]
[0.31835914]
[0.043325625]
[0.2141564]
[0.28410134]
[0.685994]
[0.57541734]
[0.6931472]
[0.6693717]
[0.6942871]
[0.6931567]
[0.48923445]
[0.7474524]
[0.73450696]
[0.02549001]
[0.030637208]
[1.6883497]
[0.14754404]
[0.41541725]
[2.4575791]
[0.9139924]
[1.3956162]
[1.8533078]
[0.8297891]
[0.7125479]
[0.69472235]
[0.6931715]
[0.69471896]
[0.69400656]
[0.71891373]
[0.75894445]
[1.0273792]
[0.60699004]
[0.69314003]
[0.104546145]
[2.0632687]
[1.1958948]
[0.853059]
[0.6931472]
[0.93933505]
[0.6926513]
[0.5909195]
[0.69977295]
[0.698429]
[0.6887003]
[0.6932814]
[0.69243586]
[0.6928956]
[0.69318867]
[0.6671775]
[0.6501525]
[0.46112055]
[0.30341807]
[0.20815669]
[0.07954556]
[1.6990292]
[0.4923821]
[2.095057]
[0.69311976]
[3.6102042]
[0.6943402]
[0.79473096]
[0.7204188]
[0.7389388]
[0.69344646]
[0.69314075]
[0.69314706]
[0.69306946]
[0.6920825]
[0.82239324]
[0.9174632]
[0.912712]
[0.69346267]
[1.0369806]
[2.6378322]
[0.0635195]
[0.0355156]
[0.024107656]
[0.022447191]
[0.7800881]
[0.7981413]
[0.40309235]
[0.22220297]
[0.31782913]
[0.6930846]
[0.1220943]
[0.6934547]
[0.6933729]
[1.6194514]
[0.03830806]
[0.69632083]
[1.2163944]
[3.4650266]
[2.2052019]
[3.5851464]
[2.9065638]
[0.625895]
[0.7265473]
[2.2447324]
[0.6931472]
[3.3514056]
[0.7258981]
[0.8083147]
[3.618043]
[1.32644]
[0.32699344]
[0.2564242]
[1.0884962]
[2.2754586]
[2.4407122]
[0.028522613]
[0.35720354]
[0.7579612]
[0.6942506]
[0.8510818]
[0.03987165]
[0.4532947]
[0.8303075]
[0.9584645]
[1.2823533]
[0.69448406]
[0.73498523]
[0.6931472]
[0.19440863]
[3.168516]
[1.0075871]
[0.26130217]
[2.8302634]
[3.679628]
[0.8370629]
[3.3724403]
[1.0265803]
[0.6931416]
[0.21420617]
[0.15706992]
[0.080064654]
[0.59516406]
[0.70168793]
[2.0449276]
[0.2786824]
[2.391736]
[0.65716946]
[1.5312812]
[0.45568603]
[0.6682905]
[1.3897899]
[0.0844509]
[0.2715161]
[1.0645506]
[1.5680468]
[3.1068237]
[0.3961896]
[3.09162]
[0.12355474]
[0.17963518]
[0.7187859]
[0.16423756]
[0.35241634]
[0.16483347]
[0.6149128]
[0.4951408]
[2.7732136]
[0.69320655]
[1.0997807]
[0.14138892]
[0.25757626]
[0.6931472]
[2.9828863]
[0.08404433]
[0.2716535]
[2.7227213]
[1.6142278]
[3.3296251]
[0.40100515]
[1.8547668]
[0.4684371]
[1.4462452]
[3.14207]
[0.6991445]
[1.4274005]
[0.19716881]
[2.3027415]
[0.10169997]
[0.17344089]
[0.6155181]
[2.0157857]
[2.7216444]
[2.3909783]
[0.6931511]
[0.6931472]
[0.059642978]
[0.68867517]
[0.6460107]
[2.4423683]
[2.0208523]
[0.89725935]
[2.152369]
[0.6894792]
[0.06726969]
[2.7900116]
[0.7334009]
[0.69494325]
[0.68506026]
[0.06729455]
[2.3880262]
[0.21918654]
[0.14790513]
[2.8359323]
[1.09706]
[0.596776]
[2.5232172]
[0.32144392]
[0.590297]
[0.118846014]
[0.58816457]
[0.7079104]
[0.93160725]
[0.65288717]
[0.6929929]
[2.634101]
[2.7634628]
[0.64197993]
[2.314411]
[1.3956875]
[0.5536102]
[0.6933337]
[2.4007382]
[0.7621674]
[3.05147]
[0.117471136]
[0.69311893]
[2.7506187]
[1.4505868]
[1.7141526]
[1.5111045]
[1.745596]
[1.4019586]
[1.1385677]
[1.5940294]
[0.6726068]
[1.3427503]
[0.3725558]
[0.08199286]
[0.69367224]
[1.0591729]
[1.5653065]
[2.3299234]
[0.15775447]
[3.0085254]
[0.7394]
[0.24110928]
[0.06821737]
[0.7733509]
[1.5172775]
[1.6524849]
[0.6931472]
[0.69430286]
[1.2662623]
[2.8365726]
[0.45313114]
[0.5968505]
[1.2432048]
[0.09299485]
[0.08427483]
[2.3117788]
[2.4728858]
[0.09557808]
[2.9528766]
[0.25786424]
[1.9553134]
[0.9531281]
[0.8116159]
[0.42465252]
[0.3951119]
[0.35136104]
[3.2544146]
[0.5453579]
[0.04936191]
[0.08186554]
[0.498882]
[1.7892413]
[0.30065784]
[0.27132297]
[2.0648663]
[0.6846927]
[0.98134863]
[1.258217]
[0.7044834]
[0.6931251]
[0.6931472]
[0.6931479]
[0.6931472]
[0.6931472]
[0.6931474]
[0.6931472]
[0.69314706]
[0.6931423]
[0.7071725]
[0.7679041]
[0.69318557]
[0.6872881]
[0.85400915]
[0.63438374]
[1.7592356]
[0.6931472]
[0.6931472]
[0.6647197]
[0.66562885]
[0.44328403]
[0.6931473]
[0.69263875]
[0.69334155]
[0.69242465]
[0.6930908]
[0.69309115]
[0.69317937]
[0.6931472]
[0.50414443]
[0.6957131]
[0.4929716]
[0.08734485]
[0.23847212]
[0.6885488]
[2.4791853]
[2.7606354]
[1.4628572]
[1.1453028]
[1.0073264]
[0.72890824]
[0.6930491]
[0.6931472]
[0.69314814]
[0.69349235]
[0.6931472]
[0.72076404]
[0.8407695]
[0.6013688]
[1.6563046]
[1.1074617]
[0.16685954]
[0.69313264]
[1.525642]
[0.043525387]
[0.6171179]
[0.12422474]
[0.34896323]
[0.681473]
[0.6602182]
[0.6898755]
[0.6931472]
[0.6931454]
[0.6941064]
[0.69732106]
[0.6464907]
[0.6931472]
[0.052907635]
[1.6311786]
[3.5245326]
[0.70376235]
[1.4208572]
[1.727477]
[1.6602901]
[0.8729822]
[0.6938047]
[0.693577]
[0.6931106]
[0.69313455]
[0.69314885]
[0.6931937]
[3.0385437]
[0.62200177]
[0.69314396]
[0.51237285]
[0.9427155]
[0.88552994]
[0.7429601]
[1.6129299]
[0.37508142]
[0.7669]
[0.706291]
[0.65496004]
[0.30060527]
[0.72160935]
[0.7370533]
[0.5148192]
[0.15928808]
[0.7212002]
[1.0952444]
[0.15080021]
[0.19285485]
[0.6147093]
[3.0184166]
[0.6931472]
[2.344284]
[0.9366661]
[0.6610961]
[3.157586]
[2.0725307]
[1.0660102]
[0.69762987]
[0.81125146]
[1.8205687]
[0.6931472]
[1.7515594]
[0.6825044]
[0.9467224]
[0.25330168]
[0.049938627]
[0.08741412]
[0.02303219]
[0.9136183]
[0.16265768]
[0.6934192]
[0.37234998]
[0.6931461]
[0.037294623]
[0.03483172]
[0.5460712]
[0.23458624]
[0.5127037]
[0.024893183]
[0.9005883]
[1.6828147]
[2.313407]
[0.18759502]
[2.1700172]
[0.69804305]
[1.0396798]
[0.6932106]
[0.7540664]
[0.69331574]
[0.93936974]
[0.6675216]
[3.303442]
[1.7451175]
[0.69286305]
[0.2185188]
[3.5120354]
[1.3677175]
[0.1016078]
[0.69324803]
[1.2816287]
[0.23039699]
[0.027618293]
[0.033103526]
[0.5733814]
[0.6931454]
[0.6691483]
[0.118265405]
[0.024470901]
[0.28315553]
[0.063553356]
[1.3039129]
[0.8292816]
[2.596212]
[0.17043903]
[1.0528393]
[3.2843783]
[0.9497943]
[2.8109088]
[3.435137]
[2.72945]
[1.1085079]
[1.0733466]
[1.2013505]
[0.5221769]
[2.399989]
[0.26239416]
[2.98534]
[0.8300613]
[0.69155186]
[0.14736389]
[1.2598586]
[0.29093078]
[0.8659336]
[1.5303732]
[0.67773455]
[2.4327652]
[0.7498338]
[1.9404007]
[2.6434531]
[0.26466948]
[0.55130005]
[0.47002146]
[0.6995288]
[1.4479824]
[2.3130138]
[0.47164568]
[0.6931474]
[0.90321314]
[2.2148728]
[0.06874601]
[0.6953779]
[0.3838909]
[0.0730468]
[0.09073468]
[2.0884104]
[0.0710763]
[1.4312906]
[0.6788425]
[3.0614283]
[0.20449981]
[0.8926182]
[1.409928]
[0.4984068]
[2.781813]
[1.9637873]
[0.65285623]
[2.2883205]
[3.4917307]
[0.65892524]
[0.9367412]
[0.31637555]
[0.18839167]
[1.2126646]
[0.6931478]
[0.13096005]
[1.5325686]
[1.2991512]
[2.3497057]
[0.6866841]
[0.64827377]
[0.30535868]
[0.6657679]
[0.046850096]
[0.9820274]
[1.3461854]
[0.791497]
[1.1753193]
[0.57441926]
[0.761424]
[0.36615217]
[0.61675006]
[0.69285315]
[1.3038694]
[2.4254227]
[1.1595352]
[0.8201888]
[2.1024678]
[2.0823638]
[2.303937]
[2.536939]
[0.17721833]
[1.4353721]
[2.907489]
[0.63339436]
[2.0046635]
[0.5365325]
[2.8059092]
[0.07053166]
[0.33300734]
[2.3200784]
[0.6931454]
[0.14861336]
[1.3809541]
[2.2446797]
[0.56665444]
[0.18838117]
[0.21432912]
[0.10551009]
[0.03679045]
[2.016324]
[0.13684742]
[0.70064384]
[0.07310253]
[0.06331583]
[0.8571261]
[2.054018]
[0.7070086]
[1.0578182]
[3.5788279]
[0.76958257]
[0.69315314]
[0.45932817]
[1.5217307]
[0.6931442]
[1.0913627]
[1.127215]
[0.1802667]
[0.26158613]
[2.1210525]
[0.104280755]
[0.91642964]
[0.36974522]
[1.4590087]
[2.2577405]
[0.5717152]
[0.16057992]
[0.051071666]
[0.42725518]
[0.68830234]
[0.6932254]
[0.69170624]
[2.5198123]
[0.09526878]
[1.797689]
[0.07696814]
[0.51531285]
[1.8645235]
[3.2018397]
[0.22989115]
[0.6909076]
[1.925584]
[0.47082967]
[3.5672607]
[0.23963715]
[0.6782333]
[1.1442806]
[2.999315]
[0.70036376]
[1.1232955]
[3.460295]
[0.6921774]
[0.34203786]
[0.1999175]
[2.7976851]
[0.11811729]
[0.15974286]
[2.2236493]
[0.110892154]
[0.36658585]
[0.6943115]
[0.98483515]
[0.19816917]
[1.8528194]
[2.711642]
[0.5798629]
[0.6974335]
[0.69104093]
[2.6778078]
[1.4229648]
[0.9657277]
[1.2910123]
[3.6419904]
[1.5401702]
[3.3248734]
[0.31494483]
[0.920936]
[0.693064]
[3.0080385]
[0.08046981]
[1.4210839]
[1.2408973]
[2.7468696]
[0.5263748]
[2.4894176]
[0.355795]
[0.031323574]
[0.4523878]
[1.5003135]
[0.5083127]
[0.69706315]
[0.8263983]
[0.5413622]
[0.557821]
[0.1763592]
[0.68433166]
[0.26210216]
[0.3510521]
[0.051973283]
[2.8218162]
[1.617184]
[0.703246]
[1.9452525]
[0.71953505]
[0.26867613]
[0.58254445]
[3.083593]
[2.5024319]
[0.37749234]
[2.3806763]
[0.9073341]
[1.0507679]
[3.244008]
[0.4513486]
[2.2809193]
[0.6931534]
[0.044054702]
[0.0638185]
[0.05060771]
[0.030175144]
[0.084809035]
[0.54604757]
[0.68255997]
[0.6931608]
[0.6931441]
[0.6931472]
[0.6931472]
[0.6931472]
[0.6931472]
[0.6931472]
[0.6931472]
[0.6931472]
[0.6937328]
[0.53994614]
[0.6928547]
[1.451961]
[2.477676]
[0.14105262]
[0.274421]
[0.69313157]
[0.6931472]
[3.5686479]
[1.146761]
[0.86005586]
[0.699402]
[0.6931629]
[0.6931472]
[0.69314706]
[0.6931468]
[0.69317675]
[0.6931323]
[0.69661885]
[0.6909629]
[0.69332844]
[2.1880774]
[0.12576777]
[1.7868315]
[1.754375]
[0.11430804]
[0.68747216]
[0.69312954]
[0.604373]
[0.6890542]
[0.687787]
[0.6931472]
[0.69330215]
[0.69402426]
[0.6980047]
[0.5375596]
[0.5066857]
[0.47606963]
[0.46911234]
[0.33922088]
[0.50619984]
[1.3107002]
[0.40981686]
[2.521965]
[1.2503616]
[0.6427673]
[0.6870493]
[1.7657623]
[1.707575]
[0.9715783]
[0.7177354]
[0.69596803]
[0.6915565]
[0.6829538]
[0.8633189]
[0.6932068]
[1.0267273]
[1.6412923]
[2.5419688]
[1.2674521]
[0.69314957]
[0.0779259]
[0.060949236]
[0.070613086]
[0.042836383]
[0.6931472]
[0.44298694]
[0.6525363]
[0.7084267]
[0.40259013]
[0.71451175]
[0.31080103]
[0.69309807]
[0.8603754]
[1.376185]
[2.7367566]
[0.12471145]
[2.6390278]
[1.7552379]
[0.6932657]
[0.6053423]
[3.1085794]
[2.899924]
[0.75385106]
[0.6952908]
[1.6935985]
[1.3642087]
[0.7791172]
[2.3311477]
[0.30202922]
[0.34140027]
[0.6799974]
[0.6417535]
[1.3087977]
[1.7130849]
[0.24557719]
[0.98972785]
[0.13197988]
[0.20542336]
[1.0221255]
[0.56046236]
[1.0573972]
[1.2652489]
[0.68814325]
[0.8851117]
[0.84811866]
[1.1299508]
[2.1254604]
[0.65341955]
[0.5104483]
[0.1821475]
[2.380082]
[0.24527846]
[1.560397]
[0.5439978]
[2.172377]
[0.5253565]
[0.2892756]
[0.17753604]
[1.644683]
[0.3152519]
[2.1418474]
[0.17341608]
[3.1277118]
[0.5299779]
[0.21213208]
[0.5607225]
[0.6978379]
[0.6931472]
[0.1337665]
[0.054376982]
[0.6929252]
[1.241212]
[0.060336698]
[1.2113348]
[1.7427052]
[2.2125564]
[0.617853]
[2.9344864]
[2.1887786]
[0.62386775]
[0.6325291]
[0.24218749]
[0.26079175]
[1.7772642]
[3.474271]
[3.6196394]
[1.0115348]
[3.0136907]
[0.65003043]
[0.59955204]
[0.37865278]
[0.08456032]
[0.6931472]
[3.017492]
[0.068100534]
[0.6931474]
[0.23998594]
[0.69473094]
[0.08842935]
[0.0475905]
[0.094662905]
[0.17813966]
[0.68195677]
[1.530067]
[0.13291374]
[0.13436826]
[0.07653899]
[1.4556907]
[0.076049626]
[0.5322542]
[3.1732566]
[0.39879483]
[2.0735698]
[0.8988387]
[3.6718876]
[2.6492026]
[2.5748894]
[0.74442726]
[0.9543332]
[0.6613373]
[3.4414885]
[0.5398991]
[0.6931472]
[0.45509702]
[2.2476718]
[0.17548285]
[0.0817112]
[2.840984]
[1.9668869]
[1.3619621]
[2.7760227]
[1.3891585]
[0.73982567]
[2.503135]
[0.50804436]
[3.132204]
[2.843365]
[0.8209261]
[0.19052464]
[2.284437]
[0.6931472]
[0.17790791]
[0.20700566]
[0.11937854]
[1.6249969]
[0.4821124]
[0.72452927]
[0.21996467]
[0.8313579]
[0.42045626]
[0.27340066]
[0.10713675]
[0.32622072]
[0.043794744]
[0.6964606]
[0.04302024]
[1.2681366]
[0.5921949]
[0.112652674]
[0.69320846]
[1.06249]
[3.2892253]
[0.69326234]
[0.6222059]
[3.6685472]
[0.6931752]
[0.6931472]
[1.0879084]
[1.5823324]
[2.6815598]
[3.4966807]
[0.6931472]
[0.789611]
[0.94085324]
[0.6763527]
[0.49026245]
[0.3467422]
[1.5761052]
[0.18647137]
[1.0221671]
[0.075335994]
[0.6931472]
[0.062147405]
[0.72521883]
[0.33993104]
[0.052515574]
[0.38004467]
[0.5682161]
[0.5354953]
[1.5416365]
[1.5332043]
[0.60970145]
[0.6938607]
[1.9157984]
[0.54425246]
[1.5212133]
[0.49349958]
[3.6133835]
[0.6175599]
[3.3844197]
[1.2732]
[1.2585943]
[0.6931473]
[2.3887048]
[0.6868222]
[0.62891924]
[0.13064423]
[0.64377195]
[0.4692284]
[0.69641787]
[0.6931492]
[0.5660665]
[0.068687014]
[0.3330318]
[0.36524948]
[0.7451133]
[1.1701348]
[0.076169714]
[0.7182287]
[0.6923317]
[0.6108363]
[0.70865875]
[2.5861712]
[2.554235]
[0.34403262]
[0.13677451]
[0.6931472]
[0.693146]
[0.68955696]
[1.5770607]
[0.388923]
[1.7837493]
[2.903875]
[1.8296813]
[0.6930766]
[3.4470353]
[0.65011394]
[0.5379035]
[0.6902251]
[0.09038224]
[1.7369078]
[0.69429976]
[0.4483498]
[0.8990675]
[0.6931472]
[1.7411069]
[0.1502926]
[1.1068347]
[0.4516788]
[0.18593012]
[1.3218129]
[0.245776]
[0.6930808]
[0.44902283]
[1.714618]
[2.6384046]
[0.62494105]
[0.6931472]
[1.5990956]
[1.2662663]
[0.17215586]
[0.41744122]
[0.448014]
[0.26589835]
[1.5781616]
[3.1980882]
[2.9875493]
[3.324604]
[0.28163344]
[0.33622792]
[0.6793101]
[0.15092365]
[0.21963474]
[0.7531835]
[0.13723086]
[0.8568444]
[2.1242728]
[0.16038823]
[0.693135]
[2.4849775]
[0.6927708]
[2.3699005]
[1.376085]
[2.8874083]
[0.6931472]
[0.06919942]
[0.17800099]
[0.72358793]
[0.14953887]
[0.057835534]
[0.996055]
[0.07450355]
[0.8072725]
[2.5076818]
[0.11243255]
[1.6535342]
[2.3625422]
[0.5588298]
[2.1306806]
[0.1645915]
[3.522919]
[2.8484027]
[0.59803563]
[0.69314706]
[0.18438357]
[1.3552738]
[0.6931472]
[0.8760489]
[0.19373949]
[0.46597058]
[2.4474022]
[0.21219008]
[1.368423]
[0.29036725]
[0.750037]
[1.1089873]
[1.9529741]
[2.922573]
[1.987015]
[0.098059595]
[0.47485644]
[2.487731]
[0.5489769]
[0.6931125]
[0.9817591]
[1.5589334]
[0.432752]
[3.2388093]
[3.1382353]
[1.623555]
[1.1059344]
[2.982673]
[3.0507596]
[1.814521]
[2.2379282]
[0.5443045]
[0.6931459]
[3.0369]
[0.12457142]
[0.0536294]
[1.0108684]
[0.6931472]
[0.8538898]
[0.38749138]
[0.07087864]
[1.1220374]
[0.30770734]
[0.17414859]
[0.3255509]
[0.08060599]
[0.69331646]
[1.7862731]
[1.525405]
[0.095773734]
[2.3658278]
[0.6844725]
[3.224858]
[0.47299206]
[0.645627]
[1.6443192]
[0.69308126]
[0.3319696]
[1.3983264]
[3.4597259]
[0.6931472]
[2.1955383]
[2.741681]
[2.1417136]
[2.98156]
[0.71729034]
[0.48465192]
[0.2867845]
[2.0845342]
[0.052913293]
[2.2875066]
[2.1597917]
[2.1069613]
[0.6844095]
[1.5539973]
[0.6931368]
[0.6881013]
[0.3659293]
[0.09112009]
[0.48158085]
[0.36467466]
[0.8722241]
[0.20082684]
[1.5428116]
[0.056450713]
[0.4950933]
[3.29446]
[0.25440058]
[2.5007868]
[0.6931462]
[1.4509034]
[0.7730714]
[1.1315515]
[0.69444597]
[1.2471719]
[2.2493896]
[0.6940535]
[0.69314826]
[1.1488727]
[0.3244689]
[0.64293617]
[0.83105904]
[0.7048662]
[0.16686995]
[0.080060005]
[0.33314797]
[0.10654367]
[1.2690282]
[1.2042086]
[0.50572217]
[0.026198057]
[0.90567803]
[0.9282241]
[0.049931172]
[0.07474233]
[0.1342981]
[0.69314766]
[0.35229325]
[0.060489416]
[0.08783183]
[0.92138636]
[1.1911796]
[0.16814673]
[0.3742175]
[0.68732136]
[1.836991]
[0.65894115]
[0.75735646]
[0.58400434]
[3.4635806]
[0.7722546]
[1.3852861]
[3.6009645]
[0.44376606]
[0.513805]
[0.6930014]
[2.8456]
[0.18528283]
[0.16065313]
[2.491249]
[0.39247045]
[0.02887673]
[0.02993332]
[0.693146]
[0.28962755]
[0.084044136]
[0.029018337]
[0.03703839]
[0.053870164]
[0.048056748]
[0.032911934]
[0.3117153]
[0.9544107]
[0.064809464]
[0.3186237]
[0.17013098]
[0.55453116]
[0.7039637]
[0.75930417]
[0.6823104]
[0.6945407]
[0.6931479]
[0.7444364]
[0.6948752]
[0.6930883]
[0.81500465]
[0.796651]
[1.6221144]
[1.9565709]
[1.5547736]
[3.0526347]
[0.6911409]
[1.8986402]
[0.25294614]
[0.7954987]
[0.48185468]
[0.9391637]
[0.19417518]
[0.55700123]
[0.7488858]
[0.3572803]
[0.69314194]
[0.65410477]
[0.70227665]
[0.73632073]
[0.09331797]
[0.06060277]
[0.03655821]
[1.3282919]
[0.13252039]
[0.31531185]
[0.10224985]
[0.15730219]
[0.21183787]
[1.2465749]
[1.0616443]
[0.6931472]
[0.7270491]
[0.78085]
[0.70335174]
[0.692586]
[0.6929772]
[0.70258605]
[0.68545115]
[0.7239479]
[0.6931472]
[2.6963282]
[0.82916695]
[0.1724542]
[0.6937007]
[0.69314706]
[0.036760706]
[0.7845689]
[0.28990972]
[0.74896157]
[0.3315837]
[0.6824777]
[0.73411155]
[2.6435816]
[0.045047212]
[0.6918477]
[1.1685148]
[0.19968618]
[0.065591484]
[0.61582226]
[0.69318044]
[0.69443214]
[0.68706244]
[0.69283575]
[0.6930901]
[0.69316983]
[0.6932039]
[0.6939015]
[0.36746332]
[0.6931472]
[0.69314647]
[0.6931472]
[1.1037849]
[3.4686604]
[2.4986274]
[1.2490133]
[0.6931529]
[1.2856843]
[0.6931479]
[0.6942378]
[0.69313824]
[0.6931213]
[0.6931001]
[0.6918114]
[0.6930883]
[1.412414]
[0.6933355]
[0.6033233]
[1.4134638]
[0.07548421]
[0.77474296]
[0.8434274]
[0.027377272]
[0.6931472]
[0.8788518]
[0.878241]
[0.1067369]
[0.72722614]
[0.21787594]
[0.6319782]
[0.7064698]
[0.15616208]
[0.04876037]
[0.9294934]
[0.6945245]
[2.6016097]
[2.396842]
[0.19652104]
[3.154361]
[0.63921106]
[0.4343625]
[0.6423758]
[2.9112208]
[0.6181947]
[2.3802497]
[0.6056673]
[1.9871517]
[0.85538656]
[0.8858332]
[2.8680165]
[1.872205]
[0.6931758]
[3.0064087]
[2.0509484]
[3.2718139]
[0.6925238]
[2.001115]
[2.4627504]
[0.030526344]
[0.023365635]
[0.20990309]
[0.0423]
[0.6418754]
[0.6931472]
[0.7512903]
[0.8719454]
[0.7399062]
[0.4433207]
[0.18200105]
[1.2192655]
[1.5989631]
[0.72233075]
[0.16445997]
[0.16930574]
[0.6101162]
[0.6931113]
[1.7313777]
[1.8855003]
[0.72905546]
[0.693424]
[0.7853374]
[0.8781272]
[0.7533136]
[0.6844029]
[2.1092565]
[2.5601268]
[0.69259804]
[3.2350194]
[1.3338096]
[0.90587753]
[1.6859165]
[0.5083526]
[0.3054365]
[1.7268087]
[0.69157976]
[0.69314706]
[0.05940158]
[0.27653226]
[0.699972]
[0.9632169]
[0.23020324]
[0.4106603]
[0.0374266]
[0.6931472]
[0.84962755]
[0.6931473]
[3.4106536]
[1.8224468]
[1.3911821]
[3.620868]
[1.2749228]
[2.3259685]
[0.6947281]
[0.6345804]
[3.3897429]
[2.387709]
[2.354994]
[0.6769875]
[1.1861843]
[0.5529307]
[2.6958444]
[2.0173128]
[2.866256]
[1.5335449]
[1.4162163]
[0.12701279]
[0.28210682]
[0.030696519]
[1.3072809]
[0.7028069]
[0.022410616]
[0.030723132]
[0.75851834]
[0.38715747]
[0.026660921]
[0.6931472]
[1.3262434]
[2.6351297]
[2.3074627]
[0.8050656]
[0.59983325]
[0.46519202]
[1.6215688]
[2.074615]
[0.6664744]
[0.6931472]
[1.5437561]
[2.4793468]
[0.6930752]
[0.50786614]
[3.1015222]
[2.3368678]
[2.5293202]
[3.1807613]
[1.339602]
[1.4053997]
[0.69316316]
[0.6931472]
[2.2462215]
[0.69317937]
[0.6931472]
[0.03395128]
[1.6246173]
[0.02443297]
[0.42888886]
[0.18093644]
[0.73889387]
[0.20273113]
[0.64906543]
[0.9322982]
[0.025796875]
[0.36574858]
[0.44384044]
[0.9692695]
[0.2649508]
[1.0613959]
[0.6933376]
[2.065262]
[0.693143]
[3.2365046]
[2.1817837]
[0.5619098]
[0.6931472]
[0.06276302]
[1.0055199]
[0.74569625]
[0.22789681]
[0.4152847]
[0.031524148]
[0.093759686]
[0.027961118]
[0.34267396]
[0.3745173]
[0.6808981]
[0.05128653]
[1.1707603]
[0.6931472]
[0.058436178]
[1.759438]
[0.14560461]
[0.61677194]
[2.8402224]
[1.0857916]
[2.3399704]
[3.6462655]
[0.754897]
[1.145438]
[0.994303]
[0.6944097]
[3.331296]
[3.4267094]
[2.8951454]
[0.6931474]
[2.0118628]
[1.5825055]
[3.2812319]
[0.086341776]
[0.7136204]
[0.33332157]
[1.0905879]
[1.3619334]
[1.4312335]
[0.053113844]
[0.14857505]
[0.11238173]
[0.95724505]
[0.78338933]
[0.6941192]
[0.026463827]
[1.3740879]
[0.69309795]
[2.1833603]
[0.33719262]
[3.2006326]
[3.5732982]
[0.8133486]
[2.422743]
[2.701433]
[0.9652891]
[1.5812676]
[2.9868624]
[2.4456782]
[0.5142208]
[0.69252366]
[3.385874]
[0.34989846]
[2.8489954]
[0.11059945]
[0.7048239]
[1.4089553]
[1.7404108]
[0.035570443]
[0.47714692]
[0.02631903]
[0.026540456]
[0.11069239]
[0.05014059]
[0.84947747]
[0.28230837]
[1.273833]
[0.060245786]
[0.049377378]
[1.4514899]
[0.80449176]
[3.5026898]
[0.75653005]
[0.4313146]
[3.0323613]
[3.3205242]
[2.3896093]
[1.6536546]
[0.693477]
[0.58728504]
[0.6169502]
[1.231728]
[1.0050529]
[0.6769708]
[0.31325564]
[0.0526671]
[0.81471866]
[0.6829727]
[0.048804745]
[0.6931472]
[0.024131408]
[1.1933082]
[0.41989392]
[0.36904168]
[0.49392086]
[1.1922935]
[0.7773488]
[0.7122712]
[1.7229354]
[0.6931472]
[2.458551]
[0.20616607]
[2.4060378]
[0.67808324]
[0.8680875]
[0.6931454]
[0.16890976]
[0.18214135]
[0.29569563]
[0.101866074]
[0.5018741]
[1.4671406]
[0.41666597]
[1.1076133]
[0.7541384]
[0.21257785]
[0.34195766]
[1.7151102]
[3.1583357]
[0.6773791]
[0.745005]
[0.2665856]
[0.11874238]
[2.557585]
[0.69314766]
[0.57042867]
[0.1010255]
[3.197318]
[0.6931474]
[0.20511393]
[0.7762086]
[0.6967971]
[0.32036576]
[1.6807415]
[1.8110781]
[2.6175575]
[1.3553392]
[0.34075132]
[0.54135066]
[2.4158351]
[0.92608416]
[0.7726714]
[1.114904]
[1.8039068]
[0.41770467]
[0.14826675]
[0.25130743]
[2.1692104]
[0.15901895]
[1.8571697]
[0.07859676]
[1.9623061]
[1.5380515]
[0.67681336]
[0.124575265]
[0.8820873]
[1.447135]
[0.4349387]
[0.71704805]
[0.32294294]
[0.5551638]
[0.53347015]
[3.3109004]
[2.4905999]
[0.2109307]
[3.4171767]
[2.8102474]
[0.43036717]
[0.6936406]
[0.70128316]
[0.75975686]
[2.0586684]
[0.22403368]
[0.1418963]
[0.075937666]
[2.5380847]
[0.6742445]
[0.06489176]
[0.07464496]
[0.025700428]
[1.5142214]
[0.6931473]
[0.27226764]
[0.12301156]
[0.26469558]
[2.4773107]
[1.81968]
[2.0850537]
[1.5440335]
[0.29041338]
[0.08594976]
[0.090253785]
[0.42541298]
[0.6910255]
[0.7629666]
[0.69818574]
[0.5435619]
[0.4955838]
[0.5774585]
[0.7080141]
[0.69314575]
[0.75611305]
[1.1199561]
[0.031249529]
[0.26744807]
[0.69148797]
[0.7359679]
[1.7750711]
[0.4955481]
[2.4198236]
[1.8423128]
[0.6931472]
[0.62938464]
[0.7500155]
[3.0906994]
[0.694466]
[1.6740506]
[2.3095262]
[1.4820094]
[3.6223376]
[2.3930776]
[1.491826]
[2.4613078]
[2.3662977]
[2.0075076]
[2.3708231]
[0.08973661]
[0.18776537]
[0.6931472]
[0.9901587]
[1.0648041]
[0.81792873]
[0.79106826]
[1.2598993]
[0.19430895]
[0.1125837]
[0.994919]
[0.6941588]
[1.6746584]
[0.99211776]
[0.9317571]
[3.1704352]
[3.519899]
[0.29718652]
[2.3079095]
[0.6512055]
[1.0049868]
[0.66393846]
[2.2316751]
[3.6166236]
[0.75751287]
[1.2667644]
[0.1393501]
[0.6454327]
[0.69140536]
[0.4888745]
[0.8618608]
[0.75012773]
[2.4095173]
[1.7700882]
[2.1829925]
[0.18626224]
[0.12004662]
[0.9974276]
[0.6928553]
[2.0311453]
[0.24220107]
[0.2811937]
[1.2715024]
[1.7130468]
[2.6140866]
[0.13550718]
[0.3122054]
[0.9173108]
[0.6931472]
[1.5538206]
[0.56013]
[1.5585945]
[1.1228986]
[2.2813876]
[0.20054665]
[0.68552285]
[0.09968127]
[0.06616567]
[0.7060079]
[0.6993942]
[2.6351666]
[0.7079638]
[0.5810006]
[3.1776187]
[0.17960887]
[2.380666]
[0.101352625]
[0.6935248]
[1.4792657]
[0.21399972]
[0.29976085]
[0.18714911]
[0.6275625]
[0.5211899]
[1.3593504]
[0.77427995]
[0.082484744]
[1.2235409]
[2.6820064]
[2.698088]
[0.6020953]
[0.6879107]
[2.4753458]
[3.500993]
[0.27229753]
[1.1943083]
[1.838548]
[3.5374653]
[1.486394]
[2.8489597]
[0.6931472]
[0.6931472]
[1.3410605]
[0.89419866]
[0.10185716]
[0.108316265]
[0.5322472]
[0.7974438]
[0.10646278]
[0.593598]
[0.88836896]
[2.1511471]
[1.1907002]
[0.69248354]
[0.9675907]
[0.69965565]
[1.4610075]
[1.7211412]
[0.15426242]
[0.28533378]
[3.0975528]
[2.9845262]
[1.0230765]
[3.3638387]
[2.35093]
[1.7453159]
[0.286896]
[3.1984138]
[3.3781126]
[3.2509193]
[2.2941284]
[2.5251205]
[0.13835771]
[0.12925664]
[0.4538902]
[1.6446187]
[0.13361907]
[0.1648923]
[0.88769144]
[0.78834176]
[1.1431684]
[0.29736617]
[1.221832]
[0.3203583]
[0.3149713]
[1.1311979]
[0.34216845]
[0.6933393]
[0.12521434]
[0.66998816]
[0.6867562]
[0.6998167]
[2.9413023]
[3.116815]
[0.6815602]
[0.22646634]
[3.637578]
[0.27999195]
[0.32196826]
[1.74864]
[1.2624586]
[0.7687964]
[1.4147683]
[2.9305098]
[0.16203937]
[2.3265142]
[2.3826437]
[2.0094695]
[0.7389282]
[1.0853366]
[0.1615004]
[0.53456485]
[0.69978815]
[0.7607445]
[2.2572508]
[1.5252781]
[0.15519625]
[0.22506316]
[0.06947214]
[0.082199395]
[0.7025374]
[0.6371344]
[0.6209704]
[0.6932273]
[0.6931598]
[0.6931472]
[0.6931468]
[0.6931472]
[0.6931472]
[0.69314325]
[0.69314396]
[0.693243]
[0.64996344]
[0.5828288]
[0.45422792]
[0.14773029]
[0.44999152]
[0.6931472]
[0.6931472]
[0.7617659]
[1.4481322]
[0.7446362]
[1.8924465]
[0.89070725]
[0.69263196]
[0.6931466]
[0.69340885]
[0.6933174]
[0.69314694]
[0.69313145]
[0.6966769]
[0.69294095]
[1.0412544]
[0.87708676]
[1.2946117]
[0.45062262]
[2.9600058]
[1.3382001]
[0.59409237]
[0.03360436]
[0.75610393]
[0.57648724]
[0.692639]
[0.65946615]
[0.6931472]
[0.69315076]
[0.6920532]
[0.69316876]
[0.69272894]
[0.6931472]
[0.7402372]
[0.3116321]
[0.039444733]
[0.6930218]
[0.73980004]
[2.4203243]
[0.18409792]
[1.4915701]
[0.6514372]
[0.65762067]
[1.4663706]
[0.9793597]
[1.1071455]
[0.69315684]
[0.79730326]
[0.7314745]
[0.69102454]
[0.69317913]
[0.69315755]
[0.83186257]
[0.19287257]
[1.6501106]
[1.5145922]
[0.27910963]
[1.5927664]
[1.1576477]
[0.3926205]
[0.052035064]
[0.04300562]
[0.7706147]
[0.4266046]
[0.6931472]
[0.5478867]
[0.7728374]
[0.7013158]
[0.20466796]
[1.0504167]
[0.3551426]
[0.08736703]
[0.69311595]
[0.6929935]
[1.0026596]
[1.0842148]
[0.31234044]
[0.29700905]
[1.0452733]
[1.7583954]
[1.4517673]
[0.58429855]
[2.1647336]
[0.49155325]
[0.9631665]
[3.1670349]
[0.3966508]
[0.21782717]
[1.1388328]
[1.1702442]
[0.58451945]
[3.046289]
[2.9984925]
[0.5830443]
[0.677495]
[0.10051637]
[0.042512305]
[0.18036892]
[0.043543003]
[0.11364765]
[1.0218761]
[0.9047058]
[0.6941638]
[0.6956229]
[2.670852]
[0.46904832]
[1.0110309]
[0.22339092]
[1.6399087]
[0.695919]
[1.8797942]
[0.6296927]
[0.22031513]
[1.3179463]
[2.7125196]
[0.26760492]
[0.509717]
[0.53638005]
[1.5597082]
[0.25050348]
[0.07954027]
[0.45015305]
[0.58218026]
[0.43923548]
[1.3239522]
[0.66296685]
[0.6955647]
[0.79464334]
[0.75111663]
[0.6860079]
[0.15970588]
[0.06806206]
[2.0100033]
[0.783561]
[0.55078727]
[0.6264239]
[1.3008623]
[1.4522372]
[3.5090058]
[0.41187802]
[0.15128194]
[0.6477476]
[0.6931577]
[0.2484776]
[0.23457448]
[0.13141172]
[0.18338287]
[0.84769726]
[0.25526097]
[0.29755524]
[1.8780918]
[1.417493]
[0.6931472]
[0.20425245]
[0.80224544]
[0.086373486]
[0.30135408]
[0.718384]
[0.30279106]
[2.8990645]
[0.2941306]
[2.3745346]
[0.6146187]
[0.21456452]
[0.09683846]
[3.060401]
[0.8553521]
[0.2884391]
[0.6177712]
[2.7508829]
[0.42066783]
[0.28919613]
[2.481381]
[0.1665842]
[0.46114236]
[0.78522724]
[0.14020981]
[0.04643143]
[0.18178879]
[0.41406327]
[0.6733024]
[0.68937206]
[0.4989826]
[0.6866862]
[0.69315124]
[0.6931386]
[0.69314706]
[0.6931472]
[0.6931472]
[0.6931472]
[0.6931467]
[0.693146]
[0.69282776]
[0.6912694]
[0.6931472]
[0.5565496]
[0.87480915]
[1.3577563]
[0.05619596]
[2.16184]
[1.8506243]
[2.7515943]
[1.53325]
[0.92389345]
[0.7139058]
[0.69323564]
[0.6931472]
[0.6931472]
[0.6931472]
[0.6931472]
[0.6931472]
[0.6931474]
[0.6931281]
[0.69305146]
[1.1087741]
[0.6932099]
[0.8601614]
[0.68888915]
[0.49664357]
[0.049482338]
[0.3414581]
[0.72629696]
[0.6201423]
[0.6723094]
[0.6918435]
[0.6930227]
[0.693146]
[0.6931472]
[0.6931449]
[0.69314027]
[0.69322634]
[0.6931472]
[0.7525938]
[1.0178685]
[1.1883966]
[0.9669757]
[0.35269237]
[0.34639257]
[0.5004177]
[2.2060933]
[0.6952119]
[0.6931472]
[0.68607676]
[0.78044605]
[0.69314766]
[0.6927698]
[0.6931474]
[0.7621596]
[0.7110912]
[0.9271189]
[0.6931932]
[0.67091495]
[0.2346341]
[1.768471]
[1.5021197]
[0.23445]
[0.56631136]
[1.3106191]
[0.60029113]
[0.044223648]
[0.32597634]
[0.6465667]
[0.6895179]
[0.6930237]
[0.6931368]
[0.69287354]
[0.69326925]
[0.6825183]
[0.645845]
[0.24895433]
[0.1391154]
[0.026796155]
[0.69317937]
[1.3712717]
[0.3287164]
[0.2322806]
[0.48018715]
[0.48622546]
[1.7747713]
[0.7580503]
[0.7367414]
[0.7694574]
[0.6931472]
[0.6929827]
[0.6930988]
[0.70288736]
[0.697019]
[0.6931472]
[0.8258129]
[0.68939173]
[1.6561594]
[3.347127]
[0.69314647]
[0.59289145]
[0.35995185]
[0.43352965]
[0.23296236]
[0.2143569]
[0.18963449]
[0.4405162]
[0.6911477]
[0.6922873]
[0.69275635]
[0.69314206]
[0.6931472]
[0.69341683]
[0.7171965]
[0.077257864]
[0.04787884]
[0.63425076]
[0.029003303]
[1.0889742]
[0.07131484]
[0.6931416]
[3.2443178]
[2.1437008]
[1.8265219]
[2.2965794]
[0.6932626]
[0.6975207]
[0.69312346]
[0.6940139]
[0.6930717]
[0.69997734]
[0.69290924]
[0.68176174]
[0.65444106]
[0.77883947]
[3.443092]
[0.64875257]
[0.07558147]
[0.75957346]
[1.4237475]
[1.0820942]
[1.0723066]
[0.027222788]
[0.13722928]
[0.69264376]
[0.69328225]
[0.67016745]
[0.67469007]
[0.69917595]
[0.69313085]
[0.20548616]
[1.028935]
[0.02993725]
[0.69314325]
[1.4046897]
[0.21159694]
[1.9675505]
[0.4579424]
[0.6931472]
[1.4436402]
[1.0459471]
[1.3606231]
[0.8398753]
[0.7185781]
[0.6912293]
[0.6890536]
[0.6969152]
[0.6935751]
[1.1291292]
[0.7507316]
[0.6930834]
[0.12132538]
[0.6934347]
[0.30243257]
[0.040293228]
[0.024321996]
[0.6931467]
[0.5667863]
[0.6977564]
[0.70846915]
[0.54793143]
[0.6692858]
[0.714776]
[0.69240445]
[0.5965669]
[0.02659787]
[0.33564684]
[0.71084213]
[0.3896976]
[0.2853257]
[0.6727007]
[0.6932405]
[0.6930977]
[0.6931468]
[0.6931472]
[0.6931472]
[0.6931472]
[0.6931472]
[0.6931472]
[0.6931517]
[0.69430095]
[0.7361494]
[0.9771631]
[0.38703108]
[0.3507956]
[1.8759769]
[1.3396056]
[0.70170116]
[2.6937935]
[0.6931472]
[0.6948185]
[0.693148]
[0.6931472]
[0.6931472]
[0.6931472]
[0.6931472]
[0.69314754]
[0.6931479]
[0.69315636]
[0.692542]
[0.6923348]
[3.152289]
[3.0135565]
[0.18137175]
[0.22930016]
[0.44911575]
[1.3596054]
[0.6930902]
[0.04100631]
[0.419162]
[0.67465264]
[0.69310546]
[0.6931473]
[0.6931472]
[0.6931472]
[0.69314706]
[0.69314694]
[0.6931472]
[0.6920699]
[0.6931474]
[0.38589942]
[0.7118099]
[1.3944951]
[0.69314337]
[2.6155565]
[0.37580797]
[0.54450876]
[0.7435534]
[0.78701675]
[0.78765154]
[0.69262266]
[0.69294596]
[0.6931472]
[0.6930939]
[0.69316745]
[0.6932907]
[0.69318676]
[0.6931057]
[0.7070035]
[0.7606988]
[0.9191572]
[0.6931498]
[0.7510336]
[1.4924953]
[2.8541856]
[0.7554424]
[0.696268]
[0.71302485]
[1.5745188]
[0.99924904]
[0.6931472]
[0.77827126]
[0.0517658]
[0.22016105]
[0.6419192]
[0.69202286]
[0.6931437]
[0.6931472]
[0.6931472]
[0.6931472]
[0.6931472]
[0.6931461]
[0.6930212]
[0.6931472]
[0.7197859]
[0.7547753]
[0.5618055]
[2.6256642]
[0.15913048]
[0.14471751]
[1.0556731]
[3.0093803]
[2.5703478]
[0.6931472]
[0.69315374]
[0.6931484]
[0.6931472]
[0.6931472]
[0.6931472]
[0.6931472]
[0.6931472]
[0.6936382]
[0.69228125]
[0.6572946]
[2.1352859]
[0.85558623]
[0.69085944]
[0.03148509]
[0.4836857]
[0.72661245]
[0.6906366]
[0.5282444]
[0.6831671]
[0.6931579]
[0.6931375]
[0.69314706]
[0.6931472]
[0.69314706]
[0.6931472]
[0.69315004]
[0.68786526]
[0.7041745]
[0.08065458]
[0.024322117]
[0.29430112]
[0.6868231]
[2.023021]
[1.5790192]
[3.6140883]
[1.8409696]
[1.329975]
[0.6931472]
[0.6931472]
[0.6931639]
[0.6931472]
[0.6931472]
[0.6931485]
[0.6931548]
[0.6932709]
[0.6940215]
[0.6957956]
[0.8103767]
[1.0680346]
[0.76775277]
[0.20986861]
[0.068522185]
[0.11684208]
[0.837137]
[0.69315934]
[0.041755017]
[0.67770547]
[0.6946576]
[0.6933809]
[0.69314706]
[0.6931466]
[0.6931472]
[0.6931472]
[0.6931468]
[0.6931473]
[0.693171]
[0.6931472]
[0.6939077]
[1.1462064]
[0.6931472]
[0.09125636]
[0.30311537]
[3.6359808]
[2.8099098]
[2.0051706]
[0.7014019]
[0.7539309]
[0.69946223]
[0.69313586]
[0.69313514]
[0.6932186]
[0.6933827]
[0.6999114]
[0.7021126]
[0.6931472]
[0.6086331]
[0.6087599]
[0.28722346]
[0.21725513]
[0.08742102]
[0.19770174]
[0.96840495]
[0.038072623]
[0.8678573]
[0.17855285]
[0.10875349]
[0.5544828]
[0.19247703]
[0.6937657]
[0.27645367]
[0.7092627]
[0.778861]
[0.6931472]
[0.6931472]
[0.06306383]
[0.8118239]
[1.345158]
[0.69488764]
[0.6931472]
[0.6697867]
[3.2803674]
[1.2565278]
[0.58260494]
[3.5765615]
[0.8164002]
[0.5217702]
[1.8894726]
[2.9839432]
[0.693146]
[1.0549479]
[2.4213796]
[0.1152373]
[2.3282607]
[0.06472361]
[0.5225635]
[0.03147623]
[1.3248031]
[0.059697136]
[0.39722344]
[0.027277976]
[0.19776537]
[0.11788308]
[0.41424942]
[0.21541415]
[0.06509263]
[2.1319392]
[0.48634246]
[2.9410415]
[0.12765762]
[0.68310267]
[0.73594344]
[0.59558636]
[0.31639412]
[0.6931577]
[0.7801815]
[3.415888]
[0.750751]
[0.5377381]
[0.69315016]
[0.9277134]
[2.1595683]
[0.8318621]
[0.2772094]
[0.24072681]
[0.052487493]
[0.78284883]
[2.1113775]
[1.5546608]
[0.2384421]
[0.059672147]
[0.11284716]
[0.053503]
[1.2483568]
[0.023884326]
[1.0211132]
[1.7744899]
[0.69314694]
[1.64781]
[0.05545987]
[0.6931472]
[0.6938324]
[3.6198323]
[2.391627]
[2.076646]
[3.3440018]
[0.80897754]
[0.85044605]
[0.84260035]
[0.6452456]
[2.2424102]
[2.2654986]
[3.5057845]
[0.50414854]
[0.6897418]
[0.6931472]
[0.4404737]
[1.2151828]
[1.2812653]
[1.8215662]
[1.6427968]
[0.22722456]
[0.7025013]
[0.6931472]
[0.45073384]
[1.2673806]
[0.32877567]
[0.3360056]
[2.0112815]
[1.5529628]
[0.41849473]
[0.6191265]
[0.037884288]
[0.7073203]
[0.7588906]
[0.072418734]
[1.6711093]
[0.69314706]
[0.09933884]
[0.6931789]
[1.1021798]
[2.0686142]
[3.657876]
[3.2700336]
[0.43880528]
[3.64833]
[0.44379115]
[1.6509111]
[0.27597514]
[0.1975485]
[0.6932831]
[2.1972382]
[0.69216263]
[1.6640586]
[1.5606741]
[0.07230993]
[0.028630251]
[0.56667054]
[1.3647212]
[0.035923358]
[0.6931472]
[0.15277447]
[0.6155251]
[0.1910764]
[0.6931472]
[2.354546]
[0.6505204]
[0.09934022]
[2.0583823]
[0.61906564]
[3.2220619]
[1.8850513]
[0.5581213]
[0.84646106]
[0.45156008]
[0.34447664]
[0.6734546]
[0.19920574]
[0.6931472]
[1.0237522]
[1.9785213]
[0.16384454]
[0.6859671]
[2.3407922]
[0.058656868]
[0.20467]
[0.030586446]
[0.03345292]
[0.02657559]
[0.28804556]
[0.039152246]
[0.6931473]
[0.6934828]
[0.5922112]
[0.69314706]
[2.655103]
[0.08049306]
[0.1870985]
[0.3905432]
[0.55473894]
[0.19647309]
[0.6880898]
[1.0394245]
[1.4947963]
[2.9970682]
[0.6449585]
[0.40961862]
[0.8340825]
[0.30650353]
[2.5696867]
[0.7284287]
[0.6967836]
[0.36493665]
[0.6919194]
[1.4782413]
[3.5029633]
[0.19815661]
[0.61423784]
[1.9096786]
[0.039309762]
[0.2717886]
[0.69312966]
[0.6063279]
[0.7246683]
[0.061778713]
[0.2860307]
[0.61412746]
[0.69385505]
[0.693151]
[0.69315004]
[0.6931472]
[0.6931472]
[0.69313884]
[0.69314814]
[0.6931517]
[0.6967879]
[0.7280984]
[0.93310046]
[0.31100836]
[0.79526645]
[3.30306]
[0.8093501]
[0.3988529]
[0.5463148]
[1.1658151]
[1.9395682]
[0.7706694]
[0.6931472]
[0.70585734]
[0.6931467]
[0.69315004]
[0.77102566]
[0.7034751]
[0.9691551]
[0.67849654]
[0.29655385]
[0.86804634]
[2.2348754]
[0.118707344]
[0.5834829]
[1.3090465]
[0.48766625]
[0.073530905]
[0.7161112]
[0.65301293]
[0.6953197]
[0.6939527]
[0.69354093]
[0.6941523]
[0.12761937]
[0.6931472]
[0.7074371]
[0.0562889]
[1.7727394]
[0.7018539]
[2.4748929]
[3.1312356]
[2.470261]
[0.6945402]
[2.5579972]
[1.02992]
[0.69331956]
[0.6928914]
[0.7382163]
[0.75412333]
[0.69794184]
[0.6931472]
[1.5173581]
[2.1860332]
[1.8249066]
[0.275834]
[1.498774]
[0.5003545]
[0.9388732]
[0.6931472]
[0.23708592]
[0.095306545]
[0.49754122]
[0.6855568]
[0.69314075]
[0.6931474]
[0.6931479]
[0.69310486]
[0.6932074]
[0.6810827]
[0.6998988]
[0.20222566]
[0.0880895]
[0.7349248]
[1.082945]
[3.031724]
[0.20680605]
[2.4389803]
[1.019258]
[0.6914106]
[0.703352]
[0.6931472]
[0.6931615]
[0.6931472]
[0.6931472]
[0.6931505]
[0.6931472]
[0.6924367]
[0.73774767]
[1.9764875]
[0.6904826]
[3.211296]
[0.11489892]
[0.87862444]
[0.21828492]
[0.69315505]
[0.52714235]
[0.26393557]
[0.3203579]
[0.68964285]
[0.6931472]
[0.6930709]
[0.69314766]
[0.6931386]
[0.69314814]
[0.69307315]
[0.69334334]
[0.6848082]
[0.5494729]
[0.06368001]
[1.533814]
[0.06698011]
[2.3798785]
[1.5384942]
[0.773475]
[0.63844717]
[0.67551327]
[0.70748407]
[0.6931472]
[0.6931472]
[0.6933431]
[0.6931311]
[0.6930723]
[0.6937176]
[0.7645464]
[0.6966762]
[0.7689253]
[0.73137987]
[1.4046155]
[0.42457312]
[2.9690907]
[2.6217432]
[0.6586276]
[0.70482415]
[0.6931478]
[0.17712462]
[0.15235138]
[0.69313896]
[0.6403888]
[0.50659674]
[0.699308]
[0.6895512]
[0.6931596]
[0.71384835]
[0.33599326]
[0.44615665]
[0.69314706]
[0.050047968]
[0.73575133]
[1.1728672]
[0.75589657]
[1.4421029]
[0.3986093]
[0.49135956]
[3.171443]
[0.7874834]
[1.8623636]
[0.83431154]
[0.6889978]
[0.72922564]
[1.2133002]
[1.8320539]
[1.6935189]
[0.944173]
[1.4566908]
[1.1287307]
[0.8311501]
[0.07833128]
[1.4502997]
[0.456389]
[1.3946987]
[0.07738994]
[0.14860195]
[0.22666477]
[0.69313836]
[0.6931472]
[0.6017674]
[0.34992018]
[0.6679068]
[0.4969746]
[0.03936934]
[0.70827854]
[0.812518]
[2.7820375]
[0.59828717]
[0.17223424]
[2.7309015]
[0.40577322]
[0.5981754]
[1.8407089]
[0.69320273]
[0.6926992]
[0.69508076]
[0.6931472]
[0.6931472]
[0.6931472]
[0.6931472]
[0.6931472]
[0.6931472]
[0.6931472]
[0.6932032]
[0.6931474]
[0.6929251]
[0.60472155]
[0.30195665]
[2.4396508]
[0.7778438]
[0.19622886]
[0.056656647]
[1.1105942]
[0.12150911]
[0.120993145]
[0.6911635]
[0.6931472]
[0.69203496]
[0.6931472]
[0.6931468]
[0.6931472]
[0.6931472]
[0.6931472]
[0.6931472]
[0.6931499]
[0.6929555]
[0.6978824]
[0.6217077]
[0.118755534]
[0.22056033]
[0.0515583]
[0.9978757]
[3.119843]
[3.2497349]
[2.012655]
[1.5194124]
[0.6931616]
[0.69312906]
[0.69315934]
[0.69314885]
[0.6931472]
[0.6931472]
[0.69314754]
[0.69314706]
[0.7153964]
[0.8002492]
[1.0946224]
[2.1457067]
[0.42871058]
[0.11498738]
[2.2926536]
[0.24613036]
[0.03889864]
[0.1627126]
[0.7508135]
[0.28180614]
[0.6934252]
[0.69390935]
[0.6931827]
[0.6933449]
[0.6932576]
[0.6935481]
[0.6956163]
[0.6931472]
[0.6079097]
[0.8663002]
[0.06887837]
[0.6928591]
[1.531351]
[0.6931472]
[3.3201947]
[0.80247545]
[2.5975475]
[0.7261268]
[0.6851265]
[1.1379627]
[0.721857]
[0.6931472]
[0.6849386]
[0.6936196]
[0.6923489]
[2.9546363]
[3.2441084]
[0.69367975]
[0.20810626]
[0.6568988]
[2.2038064]
[0.035634864]
[0.7537177]
[0.071572006]
[0.24117589]
[0.6931406]
[0.6931472]
[0.1508077]
[0.6832449]
[0.55442655]
[0.6965471]
[0.7286961]
[0.12437815]
[0.6930016]
[1.3056915]
[0.6931472]
[1.1804856]
[0.58270884]
[0.6931472]
[3.514117]
[0.6931472]
[3.0960882]
[0.6931472]
[2.147963]
[2.3312569]
[1.3940749]
[0.6916932]
[1.44204]
[0.7735002]
[2.9450784]
[3.2389607]
[1.2756492]
[1.4845128]
[2.8223603]
[2.1430683]
[0.084704325]
[0.104542375]
[0.038142283]
[0.6931853]
[1.0908117]
[1.1774062]
[0.27690566]
[0.56055504]
[0.32209155]
[0.2790417]
[0.02568367]
[0.8230597]
[0.08239316]
[2.0966167]
[0.04548096]
[0.7934242]
[1.2277807]
[0.85119355]
[2.1215825]
[2.8764527]
[1.5619518]
[2.1387885]
[2.5246696]
[0.73573536]
[2.5766697]
[3.36549]
[0.63470393]
[2.5373917]
[1.2489353]
[1.011625]
[2.2267294]
[1.6412042]
[2.2586854]
[1.6856778]
[0.04164695]
[1.0205543]
[0.7432868]
[0.6931472]
[0.31188172]
[0.063480124]
[0.06297527]
[0.8222196]
[0.92257077]
[0.69318295]
[0.04251423]
[0.67401564]
[1.0969293]
[0.7017071]
[0.64917195]
[0.35768184]
[1.7330358]
[0.5349705]
[2.8605883]
[0.2411234]
[1.0535599]
[0.5754225]
[0.69241244]
[0.6889999]
[0.54810023]
[3.5151951]
[0.58087724]
[0.9961133]
[3.5149477]
[1.0620228]
[2.6947567]
[2.00338]
[0.5732738]
[0.13784038]
[1.5056617]
[1.3536814]
[0.03837235]
[1.0981324]
[0.05491743]
[0.23560514]
[0.7033149]
[0.6976859]
[0.6930623]
[0.6931304]
[0.6931468]
[0.6931472]
[0.6931472]
[0.6931472]
[0.6931472]
[0.6931437]
[0.693368]
[0.62062156]
[0.66877854]
[1.043156]
[0.8625677]
[2.2803128]
[1.9502362]
[0.36868078]
[2.0972762]
[0.7188214]
[0.697351]
[0.6932733]
[0.6931535]
[0.6931472]
[0.6931472]
[0.6931472]
[0.6931472]
[0.6931472]
[0.6931472]
[0.693118]
[0.6875589]
[1.2294714]
[0.41240752]
[0.6931472]
[0.69094473]
[1.7995865]
[0.23219256]
[1.2707763]
[0.10681496]
[0.69312346]
[0.6861131]
[0.6022558]
[0.69316506]
[0.6965344]
[0.6931639]
[0.69265103]
[0.6931472]
[0.6930226]
[0.69309366]
[0.69323194]
[0.69314706]
[0.73497206]
[0.5339399]
[0.9294402]
[0.5615518]
[0.08927999]
[0.6965413]
[1.9056044]
[0.3962641]
[2.8576868]
[2.9842048]
[1.4596689]
[0.8144327]
[0.69304454]
[0.6931472]
[0.6931472]
[0.69059175]
[1.4050373]
[0.69970834]
[1.9570467]
[3.6194901]
[1.4413525]
[1.6267221]
[1.0130119]
[1.9279009]
[1.013966]
[0.6898335]
[0.17044277]
[0.0550037]
[0.73228395]
[0.3639805]
[0.7090994]
[0.699909]
[0.38762724]
[0.50493675]
[0.6931454]
[0.4965374]
[0.13902107]
[0.8522583]
[0.6931472]
[0.7471781]
[0.58230937]
[0.6928229]
[1.4588377]
[1.2480531]
[3.1641345]
[1.0417191]
[0.76618576]
[0.7390077]
[0.6933011]
[0.6931472]
[1.05741]
[0.6770424]
[1.0139723]
[2.60482]
[3.5941887]
[3.569329]
[0.7449131]
[0.31784323]
[1.1913966]
[0.66413474]
[0.6931472]
[0.08475759]
[1.038611]
[0.95019674]
[0.87652975]
[0.83151495]
[0.5085089]
[0.5285672]
[0.73155993]
[0.7880718]
[0.72002786]
[1.592844]
[1.5270844]
[2.696488]
[0.43192545]
[0.60159934]
[0.5856443]
[3.4687922]
[2.8826032]
[0.83751804]
[0.67715955]
[1.9103185]
[3.4967241]
[3.4877827]
[1.723523]
[0.8020352]
[0.2511217]
[2.059441]
[0.33644193]
[0.081124604]
[0.99404913]
[1.1350117]
[1.8642678]
[0.43026626]
[1.6179523]
[1.2843521]
[2.0186207]
[0.5951335]
[0.08284691]
[0.6950568]
[0.80368644]
[2.1033864]
[0.8328767]
[2.359508]
[0.15058844]
[0.07279419]
[1.6622967]
[2.2079043]
[0.2235795]
[0.6773564]
[0.52939093]
[2.034615]
[0.94453573]
[3.3896475]
[2.4252453]
[0.72839516]
[0.29223883]
[0.8703342]
[0.47815222]
[0.10815155]
[1.8764398]
[1.1130846]
[2.9834769]
[0.4722106]
[0.14407234]
[0.6178055]
[0.03775231]
[0.45640624]
[0.44767594]
[1.6775935]
[1.955203]
[0.20584206]
[2.3825774]
[1.4032326]
[0.9561211]
[0.08454144]
[0.622013]
[0.4276234]
[0.17906027]
[0.6868057]
[1.306645]
[0.5736184]
[1.0964408]
[1.546536]
[1.8869783]
[2.5609422]
[0.6956868]
[0.8635241]
[0.69225544]
[0.69280285]
[0.69346017]
[0.69314885]
[0.6931472]
[0.6931472]
[0.6931472]
[0.6931472]
[0.6931472]
[0.6931472]
[0.6931503]
[0.69369495]
[0.69803447]
[0.7830285]
[1.2001075]
[0.9687115]
[3.0479305]
[0.29660356]
[2.1142418]
[0.70488876]
[0.15685417]
[0.031467866]
[0.7345657]
[0.04262656]
[0.6931472]
[0.33496857]
[0.69338316]
[0.6955698]
[0.69304]
[0.6931472]
[0.69314706]
[0.6931472]
[0.6931472]
[0.6931472]
[0.6931472]
[0.69314706]
[0.693148]
[0.6931472]
[0.7221583]
[0.69311607]
[0.60988754]
[2.6197333]
[0.59552914]
[0.69313943]
[3.1771712]
[0.86308384]
[0.6932944]
[0.6944727]
[0.69315314]
[0.6931472]
[0.6931472]
[0.6931472]
[0.6931472]
[0.69314766]
[0.6931529]
[0.6932914]
[0.69208026]
[0.67504567]
[0.5929508]
[0.16220936]
[0.63329154]
[0.050733242]
[0.08520586]
[0.6930975]
[0.03555148]
[0.5027621]
[0.6931472]
[0.6931548]
[0.69336635]
[0.69311595]
[0.69315124]
[0.69314814]
[0.69316375]
[0.6926979]
[0.6933198]
[0.66551495]
[0.707441]
[0.30957368]
[0.6873246]
[0.95190406]
[0.037029296]
[0.8634298]
[0.31068727]
[0.9682075]
[1.2621785]
[1.157587]
[1.7794603]
[0.8382663]
[0.6989869]
[0.6931428]
[0.693141]
[0.6931323]
[0.69312465]
[0.7039254]
[0.7014935]
[0.6879896]
[0.693233]
[2.2115326]
[3.2535958]
[0.40140378]
[0.15936078]
[2.000238]
[0.8954447]
[0.036970105]
[0.026980393]
[0.09602355]
[0.7039156]
[0.6931472]
[0.6817465]
[0.6931472]
[0.69291985]
[0.6930634]
[0.6925288]
[0.6934042]
[0.69444644]
[0.70369303]
[0.11992525]
[0.6484077]
[0.11492927]
[2.3694656]
[0.80441105]
[2.1584485]
[0.6931491]
[0.6033391]
[2.2630777]
[0.68957263]
[0.6843052]
[1.0784582]
[0.7424064]
[0.70173526]
[0.74459064]
[0.6631418]
[2.9426663]
[0.66451484]
[0.5712025]
[1.3649329]
[1.7913175]
[0.09536405]
[2.24551]
[0.6011782]
[0.04848498]
[0.29342264]
[0.21055466]
[0.6931472]
[0.23390572]
[0.1795314]
[0.035714608]
[0.6932664]
[0.8394023]
[1.6129551]
[0.21355988]
[0.04681818]
[0.6691176]
[0.21048036]
[0.6999709]
[0.83220243]
[0.6931472]
[1.9840994]
[0.97614527]
[0.4126058]
[2.4221277]
[0.69599795]
[3.1813176]
[3.1321754]
[0.6933629]
[2.1890523]
[3.4595013]
[0.4588667]
[3.3672204]
[0.6931486]
[2.3460534]
[1.7137418]
[0.8363254]
[2.3356302]
[0.030961458]
[0.100758344]
[0.98157156]
[0.6931443]
[0.4783408]
[0.64397705]
[0.7642098]
[0.8001565]
[0.30103976]
[0.7067267]
[0.69315886]
[0.48443982]
[0.6931472]
[1.0724375]
[0.69290435]
[1.0249543]
[0.20799552]
[1.1003428]
[0.68610173]
[3.234757]
[3.0208974]
[0.58289]
[0.55509245]
[0.42353013]
[0.41216257]
[0.6885119]
[0.6320558]
[0.25756183]
[0.6931472]
[2.6040955]
[0.69314754]
[1.6163741]
[0.7416125]
[0.6931399]
[0.69315755]
[0.6931472]
[0.6931472]
[0.6931472]
[0.6931472]
[0.6931472]
[0.6931472]
[0.6931472]
[0.6931472]
[0.6931472]
[0.6938386]
[0.6986037]
[0.6931474]
[0.69315815]
[1.0753435]
[2.429497]
[0.31128314]
[0.061690584]
[0.2833475]
[0.9265007]
[1.7631205]
[0.4731382]
[0.03337693]
[0.66029143]
[0.13798371]
[0.031314593]
[0.5839383]
[0.69889086]
[0.4555828]
[0.6931472]
[0.6875934]
[0.69315434]
[0.6931447]
[0.6931472]
[0.6931472]
[0.6931472]
[0.6931472]
[0.6931472]
[0.69314146]
[0.69313145]
[0.69484943]
[0.69309545]
[0.44298]
[0.41461307]
[2.282777]
[0.12917104]
[3.3718421]
[1.5540775]
[1.0834694]
[0.85351074]
[0.78221786]
[0.69835234]
[0.6931424]
[0.6931561]
[0.69314814]
[0.69314766]
[0.6931472]
[0.6931474]
[0.69309914]
[0.73994714]
[0.82694614]
[0.6901847]
[0.39198104]
[0.24575314]
[0.15991224]
[0.03753854]
[0.86876464]
[0.03248459]
[0.21917075]
[0.6931406]
[0.69734335]
[0.6931474]
[0.69386536]
[0.69201654]
[0.6931014]
[0.6931559]
[0.6931095]
[0.6931472]
[0.69253904]
[0.4022014]
[0.121123455]
[0.6931468]
[0.22445421]
[0.17774819]
[2.4343507]
[2.148217]
[3.317471]
[1.4830099]
[0.816131]
[0.6960324]
[0.69318604]
[0.6931505]
[0.6931472]
[0.6931472]
[0.6931472]
[0.6931472]
[0.6931746]
[0.6930176]
[0.6811754]
[0.6813302]
[0.6896665]
[0.5143346]
[0.029738713]
[0.050191917]
[0.02542569]
[0.12039004]
[0.5090636]
[0.6863185]
[0.6931474]
[0.6931472]
[0.6931472]
[0.6931474]
[0.6931467]
[0.6931468]
[0.6931461]
[0.693146]
[0.6931708]
[0.6563056]
[0.1710796]
[0.8638938]
[0.9349444]
[0.758473]
[0.6213913]
[0.4964235]
[2.7304332]
[0.6932217]
[0.95779836]
[0.6928951]
[0.6948416]
[0.6931486]
[0.69314706]
[0.69314766]
[0.6931472]
[0.6931472]
[0.69314766]
[0.69314635]
[0.6941876]
[0.6930958]
[1.0120991]
[1.0153103]
[2.2578354]
[2.5972095]
[0.58094597]
[0.026489595]
[0.6931788]
[0.7114012]
[0.7476963]
[0.1226987]
[0.69404846]
[0.68809533]
[0.6902592]
[0.6929265]
[0.6931486]
[0.6931462]
[0.6931387]
[0.69312215]
[0.69313467]
[0.6931472]
[0.6955468]
[0.7367239]
[0.39962423]
[0.95237195]
[1.1934559]
[1.2116251]
[0.8038536]
[2.2432518]
[0.6936579]
[0.74712837]
[0.6930903]
[0.6934671]
[0.69314826]
[0.6931523]
[0.69321203]
[0.6936725]
[0.693386]
[0.69687504]
[0.6920844]
[1.1147169]
[2.875324]
[1.8980069]
[2.047357]
[2.7642035]
[0.338445]
[0.6931453]
[0.88466585]
[0.08491772]
[0.72314936]
[1.0094949]
[3.1646783]
[0.69320846]
[3.5308685]
[0.7077291]
[0.75358534]
[0.6935176]
[0.6931474]
[0.6931472]
[0.6931472]
[0.6931472]
[0.6931472]
[0.6931472]
[0.6931474]
[0.6931484]
[0.6928149]
[0.833993]
[0.6341531]
[1.8162208]
[0.26823023]
[0.07150375]
[0.6931472]
[1.3935862]
[0.26693216]
[0.05649669]
[0.02416255]
[0.11875627]
[0.1981306]
[0.5519955]
[0.6931474]
[0.6917869]
[0.69314635]
[0.6931472]
[0.6931472]
[0.6931472]
[0.6931472]
[0.6931472]
[0.6931454]
[0.69316053]
[0.6931473]
[0.46693397]
[0.20278545]
[0.6931472]
[0.12475743]
[0.9338376]
[1.8426489]
[0.98603123]
[3.1619747]
[0.68550795]
[0.70014596]
[0.70022595]
[0.6931472]
[0.6931472]
[0.6931472]
[0.6931472]
[0.6931472]
[0.6931472]
[0.6931472]
[0.6931615]
[0.69282407]
[0.7426223]
[0.94318676]
[0.69314957]
[0.9742079]
[0.38836226]
[0.26023126]
[0.8547741]
[1.9966533]
[0.035989344]
[0.9381819]
[0.6931472]
[0.04731912]
[0.15733267]
[0.5552745]
[0.7281644]
[0.6188737]
[0.631235]
[0.69282323]
[0.69314575]
[0.6931472]
[0.6931472]
[0.6931472]
[0.6931472]
[0.6931472]
[0.6931472]
[0.6931472]
[0.6931472]
[0.6931472]
[0.6936492]
[0.09879562]
[0.029311188]
[0.06564883]
[1.1198825]
[0.06610275]
[1.8829068]
[3.2499068]
[1.3288636]
[1.2432523]
[2.0695388]
[0.69350404]
[0.6930995]
[0.6931474]
[0.6931472]
[0.6931472]
[0.6931472]
[0.6931472]
[0.6931472]
[0.6931472]
[0.6931472]
[0.6931472]
[0.69314706]
[0.69492877]
[0.69230616]
[1.1785893]
[0.7147947]
[0.59775573]
[0.7925044]
[0.3176421]
[2.557639]
[0.31557104]
[0.69268656]
[0.7816992]
[0.0889966]
[0.16883862]
[0.1264417]
[2.004735]
[0.6931472]
[0.44699574]
[0.362699]
[0.6931474]
[0.037945826]
[0.031833056]
[1.1238992]
[0.03050379]
[0.6909087]
[0.04526921]
[0.0638138]
[0.22345188]
[0.68857]
[0.6928299]
[0.6930213]
[0.69318867]
[0.6931468]
[0.6795102]
[0.6931555]
[0.6931474]
[0.6931472]
[0.6931472]
[0.6931472]
[0.6931472]
[0.6931472]
[0.6931479]
[0.6931932]
[0.68564045]
[0.6022589]
[0.6931472]
[0.25953776]
[1.2785894]
[0.29186064]
[2.6518672]
[3.5077152]
[2.409881]
[1.1995548]
[0.70099866]
[0.6912012]
[0.7054157]
[0.6932132]
[0.693166]
[0.69314766]
[0.6931472]
[0.6931474]
[0.69314694]
[0.69601387]
[0.7233173]
[0.8071453]
[0.693371]
[2.219933]
[1.9499365]
[0.86798453]
[0.5820524]
[0.13638176]
[0.30114833]
[0.0287076]
[0.5063164]
[0.10751957]
[0.2311087]
[0.61935616]
[0.6931472]
[0.6907354]
[0.6931472]
[0.6931472]
[0.6931472]
[0.6931472]
[0.6931472]
[0.6931472]
[0.6931472]
[0.68555135]
[0.6021268]
[0.6947021]
[0.27389672]
[1.367241]
[0.7451069]
[0.97939986]
[0.036465358]
[0.7595594]
[0.14912088]
[0.6359923]
[0.6946005]
[0.69286937]
[0.68734914]
[0.6929306]
[0.6931484]
[0.6942438]
[0.76772654]
[0.6931472]
[1.478553]
[0.42698017]
[0.69314945]
[0.4747557]
[3.609373]
[2.1564362]
[0.6854806]
[1.6696893]
[1.1324852]
[0.6938915]
[0.7123068]
[0.6923829]
[0.6931472]
[0.76976043]
[0.77788424]
[1.4448128]
[0.60806274]
[1.8692694]
[1.0804262]
[2.2793465]
[0.1626135]
[0.09951778]
[0.28531224]
[0.7011049]
[0.6931472]
[0.6496413]
[0.67824787]
[0.69311774]
[0.6930927]
[0.6932013]
[0.6937936]
[0.6569893]
[0.6937955]
[0.21749981]
[0.4072559]
[0.13935804]
[0.1801971]
[2.3772035]
[0.75566584]
[0.693141]
[3.3693335]
[2.9650705]
[0.9032508]
[0.70588076]
[0.6945624]
[0.6933829]
[0.69316316]
[0.69314957]
[0.69314754]
[0.6931498]
[0.69314766]
[0.6930655]
[0.7202396]
[0.7606482]
[0.7082375]
[1.3488207]
[0.75012696]
[0.77274]
[1.6572933]
[0.6931474]
[0.036308166]
[0.69321203]
[0.73293644]
[0.21371242]
[0.693143]
[0.42599517]
[0.69026613]
[0.6931169]
[0.6931406]
[0.6931474]
[0.6931472]
[0.6931461]
[0.69315314]
[0.6911687]
[0.69575375]
[0.69314516]
[0.70903265]
[1.8963232]
[0.69318175]
[0.88333994]
[0.47324687]
[0.7173764]
[1.3293937]
[0.7434854]
[0.69314337]
[0.6940512]
[0.69326985]
[0.6931472]
[0.6931472]
[0.6931472]
[0.6944356]
[0.7014831]
[0.7488141]
[0.6931473]
[1.5970063]
[0.6092643]
[0.58795893]
[0.64673465]
[0.031047102]
[0.64429486]
[0.027818065]
[0.69565743]
[0.51668876]
[0.66854495]
[0.69318247]
[0.6930698]
[0.6931455]
[0.69314706]
[0.6931472]
[0.6931472]
[0.6931472]
[0.6919625]
[0.6957368]
[0.7083701]
[0.028852863]
[0.10838754]
[1.716579]
[1.5614699]
[0.9028932]
[2.1319401]
[0.69567436]
[0.6897714]
[0.6931474]
[0.6931857]
[0.6931474]
[0.6931472]
[0.6931472]
[0.6931472]
[0.6931472]
[0.6931472]
[0.6931472]
[0.6931474]
[0.6932123]
[0.6929178]
[0.6854805]
[1.4172308]
[0.72907937]
[1.8083243]
[2.5508893]
[0.49944228]
[0.6946282]
[1.3506846]
[0.7348868]
[0.6943962]
[0.88442445]
[0.7360122]
[0.69357675]
[0.6931472]
[0.6931472]
[0.6931472]
[0.6931472]
[0.6931472]
[0.6931472]
[0.6931472]
[0.6931472]
[0.6931472]
[0.6931472]
[0.69314647]
[0.6926991]
[0.67806435]
[0.75608075]
[0.8498206]
[2.395042]
[0.30403936]
[3.399984]
[0.6780222]
[0.6745162]
[3.4251928]
[0.20625383]
[1.3553704]
[2.7109709]
[3.6037893]
[0.75190794]
[0.6932049]
[0.68776435]
[0.69688785]
[0.6949659]
[0.6931515]
[0.6931472]
[0.6931472]
[0.6931472]
[0.6931472]
[0.6931472]
[0.6931472]
[0.6931472]
[0.8817293]
[2.532659]
[0.13653535]
[0.95306444]
[1.7655392]
[1.2957344]
[0.59722626]
[0.07051164]
[1.9750763]
[0.1483616]
[0.6931875]
[0.7459544]
[0.8414783]
[0.83356446]
[0.6931472]
[2.3483229]
[0.06676012]
[0.05283914]
[0.58439136]
[2.7279563]
[1.9961549]
[0.11462235]
[0.072992235]
[1.6575508]
[2.8005133]
[0.61999536]
[1.0772891]
[0.24456947]
[0.71756375]
[3.1182752]
[2.8719153]
[0.8298727]
[0.19049406]
[2.3789153]
[0.24927281]
[0.112996764]
[0.70024705]
[1.4627889]
[3.2497182]
[0.96824944]
[2.7480779]
[0.33489165]
[3.162041]
[1.6228269]
[0.13349631]
[1.209171]
[0.08179439]
[0.048219424]
[1.8663676]
[0.0654749]
[2.0809982]
[0.04927124]
[0.097562745]
[1.3246745]
[0.3136473]
[1.5323012]
[0.06644081]
[0.31586993]
[2.9215355]
[2.4818525]
[1.1090045]
[2.780524]
[1.248329]
[0.6965904]
[0.47764468]
[0.3449107]
[2.860249]
[2.9561617]
[0.43895838]
[3.4668446]
[0.12675613]
[0.07886496]
[1.2567246]
[0.43373767]
[0.14173034]
[0.10233839]
[0.18374036]
[0.69422686]
[0.6922722]
[0.69316363]
[1.1809659]
[1.6735029]
[2.4893436]
[0.24398556]
[1.4056629]
[0.9965352]
[1.5452912]
[0.6931472]
[0.6965071]
[1.361955]
[3.593523]
[0.6973266]
[1.4980518]
[2.2101307]
[0.76292586]
[1.6470906]
[0.607035]
[1.7555714]
[2.182253]
[0.08381304]
[0.6931443]
[0.7894196]
[1.4297336]
[0.6612044]
[0.6931472]
[0.30568278]
[0.3785982]
[0.23495498]
[0.03576384]
[0.6946329]
[1.219514]
[0.6931472]
[0.7934085]
[1.7420831]
[0.3082079]
[0.90957785]
[0.72071517]
[1.7711716]
[0.69625896]
[3.4617372]
[0.7425198]
[0.84237194]
[1.0609369]
[1.4308338]
[0.69315267]
[1.1849347]
[1.0738887]
[0.3532568]
[1.7347156]
[2.0375228]
[0.3511256]
[1.3121415]
[0.49035016]
[0.51044035]
[0.7718282]
[0.49929878]
[0.960413]
[0.047787365]
[0.6931472]
[0.6931462]
[0.4725333]
[0.31854895]
[0.39419878]
[0.2397901]
[0.5999383]
[0.5023991]
[0.85566384]
[0.07507793]
[0.59044164]
[1.7295923]
[1.7959301]
[0.69324446]
[2.3029656]
[0.6931472]
[1.2630776]
[0.76067007]
[0.6931541]
[0.7067372]
[0.6925233]
[0.6931472]
[0.69377303]
[0.6437213]
[3.3005333]
[0.26585752]
[1.4734969]
[0.6931635]
[0.041768752]
[0.023798317]
[0.87435544]
[0.5946598]
[0.6931472]
[0.5778246]
[0.51418227]
[0.64710355]
[0.7087824]
[0.45047325]
[0.23415518]
[0.66647977]
[0.8111193]
[0.70522875]
[0.6762478]
[1.3321036]
[0.08076688]
[0.83464956]
[1.8454251]
[3.4461527]
[2.0775328]
[0.6931622]
[1.0517144]
[0.6932436]
[0.6309888]
[3.2588797]
[3.2145376]
[0.70115286]
[0.69314766]
[1.5167055]
[0.67659724]
[0.7284156]
[3.3876173]
[0.11488495]
[2.611476]
[0.69348377]
[0.027716642]
[0.18281716]
[0.69314706]
[0.69231856]
[0.688773]
[0.6846513]
[0.69315076]
[0.6931486]
[0.6931474]
[0.69314694]
[0.693151]
[0.6931504]
[0.6798836]
[0.61753166]
[0.7261309]
[0.6931472]
[0.07802217]
[1.7799804]
[0.1387396]
[0.69314706]
[0.45244214]
[0.7166869]
[3.459508]
[1.5658419]
[0.69166386]
[0.6931472]
[0.693187]
[0.6931472]
[0.6931472]
[0.6931472]
[0.6931472]
[0.69315076]
[0.69371426]
[0.6989192]
[0.69900036]
[0.9116823]
[0.62598103]
[0.59742093]
[0.08026589]
[0.12915178]
[0.36239195]
[0.033081714]
[0.538712]
[0.6928819]
[0.524699]
[0.6926768]
[0.6931491]
[0.6931472]
[0.6931472]
[0.69314706]
[0.6931472]
[0.6931472]
[0.6931472]
[0.6931472]
[0.613341]
[0.6350892]
[0.83989394]
[0.92081404]
[1.4456763]
[0.11122139]
[0.5036398]
[1.4965655]
[0.511375]
[3.0656302]
[1.1074826]
[0.6925269]
[0.69357556]
[0.69315004]
[0.6931472]
[0.6931472]
[0.6931472]
[0.6931472]
[0.6931472]
[0.6931492]
[0.6931472]
[0.6931472]
[0.6936946]
[0.7476243]
[0.70456445]
[0.78035253]
[1.0997643]
[2.418243]
[1.6833087]
[1.5455998]
[0.85751915]
[0.7580596]
[0.6916654]
[0.69999254]
[0.6931472]
[0.6931472]
[0.6931472]
[0.6931472]
[0.6931472]
[0.6931472]
[0.6931472]
[0.6931472]
[0.6931472]
[0.6931472]
[0.6931472]
[0.6931479]
[0.69321775]
[0.6929313]
[0.7118946]
[0.6931472]
[0.6931472]
[0.69428843]
[0.6932149]
[0.6931472]
[0.6931472]
[0.6931472]
[0.6931472]
[0.6931472]
[0.6931472]
[0.6931472]
[0.6931472]
[0.6931472]
[0.6931472]
[0.6931472]
[0.6931472]
[0.6931472]
[0.6931474]
[0.69318056]
[0.6931472]
